Time (seconds), Duration (seconds),pred_unlabelled,pred_circle,pred_shaking
0.01000,1.98000,0.22975,0.74468,0.02557
0.21000,1.98000,0.21636,0.76208,0.02156
0.41000,1.98000,0.21984,0.75256,0.02760
0.61000,1.98000,0.22794,0.75380,0.01826
0.81000,1.98000,0.20617,0.77630,0.01752
1.01000,1.98000,0.21683,0.76330,0.01987
1.21000,1.98000,0.22952,0.74424,0.02625
1.41000,1.98000,0.22050,0.75718,0.02232
1.61000,1.98000,0.22150,0.75303,0.02547
1.81000,1.98000,0.24468,0.72940,0.02592
2.01000,1.98000,0.27525,0.69361,0.03114
2.21000,1.98000,0.26894,0.69931,0.03175
2.41000,1.98000,0.27496,0.70189,0.02315
2.61000,1.98000,0.28127,0.68045,0.03827
2.81000,1.98000,0.26134,0.71457,0.02409
3.01000,1.98000,0.25888,0.70804,0.03308
3.21000,1.98000,0.23958,0.73177,0.02865
3.41000,1.98000,0.24518,0.73411,0.02071
3.61000,1.98000,0.21013,0.76681,0.02306
3.81000,1.98000,0.19861,0.78094,0.02046
4.01000,1.98000,0.26005,0.71134,0.02860
4.21000,1.98000,0.24870,0.73175,0.01955
4.41000,1.98000,0.21864,0.76720,0.01416
4.61000,1.98000,0.30290,0.65100,0.04610
4.81000,1.98000,0.29031,0.58118,0.12851
5.01000,1.98000,0.33262,0.48998,0.17740
5.21000,1.98000,0.28409,0.32048,0.39543
5.41000,1.98000,0.26901,0.15751,0.57347
5.61000,1.98000,0.25887,0.11249,0.62864
5.81000,1.98000,0.18875,0.07422,0.73703
6.01000,1.98000,0.09788,0.02464,0.87748
6.21000,1.98000,0.04637,0.00795,0.94568
6.41000,1.98000,0.04929,0.00668,0.94404
6.61000,1.98000,0.07767,0.00784,0.91448
6.81000,1.98000,0.10017,0.01004,0.88979
7.01000,1.98000,0.10664,0.00609,0.88727
7.21000,1.98000,0.09625,0.00875,0.89500
7.41000,1.98000,0.11367,0.00930,0.87704
7.61000,1.98000,0.09500,0.00714,0.89785
7.81000,1.98000,0.08299,0.00580,0.91121
8.01000,1.98000,0.08665,0.00591,0.90744
8.21000,1.98000,0.05984,0.00477,0.93539
8.41000,1.98000,0.05002,0.00504,0.94494
8.61000,1.98000,0.05151,0.00642,0.94207
8.81000,1.98000,0.03254,0.00533,0.96213
9.01000,1.98000,0.02787,0.00612,0.96601
9.21000,1.98000,0.03173,0.00843,0.95985
9.41000,1.98000,0.02106,0.00569,0.97325
9.61000,1.98000,0.01874,0.00733,0.97393
9.81000,1.98000,0.02236,0.00958,0.96806
10.01000,1.98000,0.01752,0.00713,0.97535
10.21000,1.98000,0.01584,0.00619,0.97796
10.41000,1.98000,0.03369,0.01379,0.95253
10.61000,1.98000,0.30014,0.02484,0.67502
10.81000,1.98000,0.17861,0.01250,0.80889
11.01000,1.98000,0.30807,0.01221,0.67972
11.21000,1.98000,0.28528,0.00489,0.70983
11.41000,1.98000,0.31251,0.00470,0.68279
11.61000,1.98000,0.46084,0.00175,0.53741
11.81000,1.98000,0.50358,0.00171,0.49470
12.01000,1.98000,0.51352,0.00041,0.48607
12.21000,1.98000,0.70110,0.00041,0.29849
12.41000,1.98000,0.85777,0.00013,0.14211
12.61000,1.98000,0.23071,0.00002,0.76927
12.81000,1.98000,0.25093,0.00005,0.74902
13.01000,1.98000,0.22596,0.00002,0.77402
13.21000,1.98000,0.23655,0.00002,0.76343
13.41000,1.98000,0.26620,0.00010,0.73371
13.61000,1.98000,0.23355,0.00001,0.76644
13.81000,1.98000,0.25527,0.00001,0.74472
14.01000,1.98000,0.25254,0.00005,0.74740
14.21000,1.98000,0.27205,0.00001,0.72794
14.41000,1.98000,0.25764,0.00002,0.74233
14.61000,1.98000,0.23106,0.00002,0.76893
14.81000,1.98000,0.26290,0.00002,0.73708
15.01000,1.98000,0.26333,0.00007,0.73659
15.21000,1.98000,0.27581,0.00002,0.72417
15.41000,1.98000,0.26307,0.00003,0.73689
15.61000,1.98000,0.22617,0.00002,0.77381
15.81000,1.98000,0.23687,0.00002,0.76310
16.01000,1.98000,0.25300,0.00012,0.74687
16.21000,1.98000,0.23841,0.00002,0.76157
16.41000,1.98000,0.24618,0.00004,0.75379
16.61000,1.98000,0.21555,0.00002,0.78443
16.81000,1.98000,0.24524,0.00003,0.75473
17.01000,1.98000,0.26269,0.00022,0.73709
17.21000,1.98000,0.23794,0.00002,0.76204
17.41000,1.98000,0.25706,0.00003,0.74290
17.61000,1.98000,0.20803,0.00004,0.79193
17.81000,1.98000,0.25134,0.00008,0.74858
18.01000,1.98000,0.26640,0.00042,0.73319
18.21000,1.98000,0.23621,0.00011,0.76368
18.41000,1.98000,0.24264,0.00012,0.75724
18.61000,1.98000,0.19359,0.00010,0.80632
18.81000,1.98000,0.22356,0.00015,0.77629
19.01000,1.98000,0.21652,0.00051,0.78296
19.21000,1.98000,0.20593,0.00010,0.79397
19.41000,1.98000,0.22132,0.00020,0.77848
19.61000,1.98000,0.19968,0.00010,0.80022
19.81000,1.98000,0.51865,0.00014,0.48121
20.01000,1.98000,0.67877,0.00083,0.32040
20.21000,1.98000,0.98181,0.00022,0.01797
20.41000,1.98000,0.98998,0.00069,0.00933
20.61000,1.98000,0.98521,0.00303,0.01176
20.81000,1.98000,0.98399,0.00559,0.01042
21.01000,1.98000,0.96537,0.02606,0.00856
21.21000,1.98000,0.96500,0.02906,0.00593
21.41000,1.98000,0.93325,0.06425,0.00251
21.61000,1.98000,0.78993,0.20948,0.00058
21.81000,1.98000,0.70056,0.29771,0.00173
22.01000,1.98000,0.74326,0.25315,0.00359
22.21000,1.98000,0.23438,0.71776,0.04787
22.41000,1.98000,0.18397,0.75435,0.06168
22.61000,1.98000,0.15133,0.82628,0.02240
22.81000,1.98000,0.14566,0.82785,0.02649
23.01000,1.98000,0.12430,0.85187,0.02383
23.21000,1.98000,0.14345,0.81070,0.04585
23.41000,1.98000,0.16157,0.78709,0.05134
23.61000,1.98000,0.18535,0.79618,0.01847
23.81000,1.98000,0.19215,0.79496,0.01289
24.01000,1.98000,0.17856,0.80562,0.01583
24.21000,1.98000,0.18690,0.79555,0.01755
24.41000,1.98000,0.20895,0.75746,0.03359
24.61000,1.98000,0.22187,0.75756,0.02057
24.81000,1.98000,0.22491,0.76380,0.01129
25.01000,1.98000,0.22178,0.76546,0.01275
25.21000,1.98000,0.22401,0.76212,0.01387
25.41000,1.98000,0.21903,0.75852,0.02245
25.61000,1.98000,0.20025,0.78120,0.01855
25.81000,1.98000,0.19967,0.78885,0.01148
26.01000,1.98000,0.20927,0.77911,0.01162
26.21000,1.98000,0.20034,0.78754,0.01212
26.41000,1.98000,0.20016,0.79046,0.00938
26.61000,1.98000,0.20629,0.78123,0.01249
26.81000,1.98000,0.20219,0.79098,0.00683
27.01000,1.98000,0.20434,0.78784,0.00782
27.21000,1.98000,0.19515,0.79746,0.00738
27.41000,1.98000,0.19266,0.79542,0.01192
27.61000,1.98000,0.19901,0.78425,0.01675
27.81000,1.98000,0.24307,0.73359,0.02334
28.01000,1.98000,0.48873,0.50283,0.00844
28.21000,1.98000,0.27771,0.71409,0.00820
28.41000,1.98000,0.25886,0.73518,0.00596
28.61000,1.98000,0.27453,0.71371,0.01176
28.81000,1.98000,0.32733,0.65821,0.01447
29.01000,1.98000,0.30978,0.67874,0.01148
29.21000,1.98000,0.34737,0.64292,0.00970
29.41000,1.98000,0.34519,0.64699,0.00782
29.61000,1.98000,0.36162,0.63282,0.00555
29.81000,1.98000,0.48063,0.51604,0.00333
30.01000,1.98000,0.35902,0.63024,0.01074
30.21000,1.98000,0.42960,0.52136,0.04904
30.41000,1.98000,0.43766,0.45806,0.10428
30.61000,1.98000,0.41009,0.53364,0.05627
30.81000,1.98000,0.38528,0.59678,0.01794
31.01000,1.98000,0.37004,0.59756,0.03241
31.21000,1.98000,0.37317,0.58147,0.04535
31.41000,1.98000,0.42405,0.51453,0.06142
31.61000,1.98000,0.36037,0.57155,0.06808
31.81000,1.98000,0.39950,0.57323,0.02726
32.01000,1.98000,0.24313,0.72759,0.02928
32.21000,1.98000,0.23387,0.72805,0.03808
32.41000,1.98000,0.24769,0.70923,0.04308
32.61000,1.98000,0.28716,0.65156,0.06128
32.81000,1.98000,0.26780,0.66841,0.06379
33.01000,1.98000,0.25428,0.71791,0.02781
33.21000,1.98000,0.19687,0.76436,0.03877
33.41000,1.98000,0.20230,0.71730,0.08040
33.61000,1.98000,0.23299,0.68462,0.08239
33.81000,1.98000,0.18349,0.75712,0.05939
34.01000,1.98000,0.17304,0.81277,0.01419
34.21000,1.98000,0.14052,0.85000,0.00949
34.41000,1.98000,0.12704,0.85954,0.01342
34.61000,1.98000,0.15764,0.82327,0.01909
34.81000,1.98000,0.25056,0.72201,0.02743
35.01000,1.98000,0.30600,0.65014,0.04386
35.21000,1.98000,0.32801,0.64672,0.02527
35.41000,1.98000,0.32797,0.64186,0.03017
35.61000,1.98000,0.34810,0.63442,0.01748
35.81000,1.98000,0.42989,0.52750,0.04261
36.01000,1.98000,0.42539,0.48299,0.09161
36.21000,1.98000,0.50662,0.43592,0.05746
36.41000,1.98000,0.43184,0.54676,0.02140
36.61000,1.98000,0.53975,0.44039,0.01986
36.81000,1.98000,0.24998,0.72644,0.02359
37.01000,1.98000,0.24700,0.72738,0.02562
37.21000,1.98000,0.23621,0.73915,0.02463
37.41000,1.98000,0.22917,0.74551,0.02532
37.61000,1.98000,0.19925,0.78636,0.01439
37.81000,1.98000,0.19678,0.78719,0.01602
38.01000,1.98000,0.18978,0.79278,0.01744
38.21000,1.98000,0.21209,0.76110,0.02682
38.41000,1.98000,0.21499,0.76379,0.02122
38.61000,1.98000,0.23219,0.74902,0.01880
38.81000,1.98000,0.25037,0.72703,0.02260
39.01000,1.98000,0.25252,0.72689,0.02059
39.21000,1.98000,0.24245,0.73837,0.01918
39.41000,1.98000,0.25488,0.71429,0.03083
39.61000,1.98000,0.23488,0.73569,0.02943
39.81000,1.98000,0.25193,0.72122,0.02685
40.01000,1.98000,0.25130,0.72838,0.02032
40.21000,1.98000,0.25061,0.71916,0.03024
40.41000,1.98000,0.24104,0.73035,0.02860
40.61000,1.98000,0.35228,0.62677,0.02094
40.81000,1.98000,0.34976,0.62281,0.02742
41.01000,1.98000,0.33032,0.66050,0.00918
41.21000,1.98000,0.27530,0.71659,0.00811
41.41000,1.98000,0.27670,0.70584,0.01746
41.61000,1.98000,0.25255,0.73111,0.01634
41.81000,1.98000,0.25431,0.73300,0.01269
42.01000,1.98000,0.19585,0.80103,0.00312
42.21000,1.98000,0.17280,0.82065,0.00655
42.41000,1.98000,0.14666,0.84482,0.00853
42.61000,1.98000,0.09887,0.89811,0.00302
42.81000,1.98000,0.10077,0.89505,0.00418
43.01000,1.98000,0.08962,0.90683,0.00355
43.21000,1.98000,0.09794,0.89815,0.00391
43.41000,1.98000,0.09428,0.90197,0.00375
43.61000,1.98000,0.10576,0.89204,0.00220
43.81000,1.98000,0.09846,0.89951,0.00203
44.01000,1.98000,0.10052,0.89776,0.00172
44.21000,1.98000,0.09656,0.90161,0.00183
44.41000,1.98000,0.10315,0.89446,0.00239
44.61000,1.98000,0.11247,0.88371,0.00382
44.81000,1.98000,0.09402,0.90222,0.00376
45.01000,1.98000,0.12132,0.87361,0.00507
45.21000,1.98000,0.11716,0.87830,0.00454
45.41000,1.98000,0.11646,0.87732,0.00622
45.61000,1.98000,0.11661,0.87760,0.00579
45.81000,1.98000,0.10642,0.87915,0.01442
46.01000,1.98000,0.13569,0.84931,0.01500
46.21000,1.98000,0.12138,0.86360,0.01503
46.41000,1.98000,0.10593,0.89022,0.00385
46.61000,1.98000,0.11069,0.87581,0.01350
46.81000,1.98000,0.14725,0.83503,0.01772
47.01000,1.98000,0.13634,0.85053,0.01312
47.21000,1.98000,0.13215,0.86315,0.00470
47.41000,1.98000,0.11708,0.88019,0.00274
47.61000,1.98000,0.12888,0.86252,0.00860
47.81000,1.98000,0.12981,0.86499,0.00519
48.01000,1.98000,0.12086,0.87651,0.00262
48.21000,1.98000,0.10776,0.89056,0.00168
48.41000,1.98000,0.16039,0.83825,0.00135
48.61000,1.98000,0.51509,0.48474,0.00017
48.81000,1.98000,0.94713,0.05287,0.00001
49.01000,1.98000,0.99714,0.00286,0.00000
49.21000,1.98000,0.99985,0.00015,0.00000
49.41000,1.98000,0.99999,0.00001,0.00000
49.61000,1.98000,1.00000,0.00000,0.00000
49.81000,1.98000,1.00000,0.00000,0.00000
50.01000,1.98000,1.00000,0.00000,0.00000
50.21000,1.98000,1.00000,0.00000,0.00000
50.41000,1.98000,1.00000,0.00000,0.00000
50.61000,1.98000,1.00000,0.00000,0.00000
50.81000,1.98000,1.00000,0.00000,0.00000
51.01000,1.98000,1.00000,0.00000,0.00000
51.21000,1.98000,1.00000,0.00000,0.00000
51.41000,1.98000,1.00000,0.00000,0.00000
51.61000,1.98000,1.00000,0.00000,0.00000
51.81000,1.98000,1.00000,0.00000,0.00000
52.01000,1.98000,1.00000,0.00000,0.00000
52.21000,1.98000,1.00000,0.00000,0.00000
52.41000,1.98000,1.00000,0.00000,0.00000
52.61000,1.98000,1.00000,0.00000,0.00000
52.81000,1.98000,1.00000,0.00000,0.00000
53.01000,1.98000,0.99999,0.00001,0.00000
53.21000,1.98000,0.99998,0.00002,0.00000
53.41000,1.98000,1.00000,0.00000,0.00000
53.61000,1.98000,1.00000,0.00000,0.00000
53.81000,1.98000,1.00000,0.00000,0.00000
54.01000,1.98000,1.00000,0.00000,0.00000
54.21000,1.98000,1.00000,0.00000,0.00000
54.41000,1.98000,1.00000,0.00000,0.00000
54.61000,1.98000,1.00000,0.00000,0.00000
54.81000,1.98000,1.00000,0.00000,0.00000
55.01000,1.98000,1.00000,0.00000,0.00000
55.21000,1.98000,1.00000,0.00000,0.00000
55.41000,1.98000,1.00000,0.00000,0.00000
55.61000,1.98000,1.00000,0.00000,0.00000
55.81000,1.98000,1.00000,0.00000,0.00000
56.01000,1.98000,1.00000,0.00000,0.00000
56.21000,1.98000,1.00000,0.00000,0.00000
56.41000,1.98000,1.00000,0.00000,0.00000
56.61000,1.98000,1.00000,0.00000,0.00000
56.81000,1.98000,1.00000,0.00000,0.00000
57.01000,1.98000,1.00000,0.00000,0.00000
