Time (seconds), Duration (seconds),pred_unlabelled,pred_circle,pred_shaking
0.01000,1.98000,0.43813,0.01140,0.55047
0.21000,1.98000,0.37574,0.00946,0.61479
0.41000,1.98000,0.45764,0.00798,0.53438
0.61000,1.98000,0.34475,0.00696,0.64829
0.81000,1.98000,0.37542,0.01041,0.61417
1.01000,1.98000,0.40722,0.01114,0.58163
1.21000,1.98000,0.46573,0.02108,0.51319
1.41000,1.98000,0.46142,0.01809,0.52048
1.61000,1.98000,0.47103,0.01777,0.51120
1.81000,1.98000,0.39563,0.00930,0.59507
2.01000,1.98000,0.35364,0.00767,0.63869
2.21000,1.98000,0.44357,0.01396,0.54247
2.41000,1.98000,0.34248,0.00413,0.65339
2.61000,1.98000,0.35010,0.00723,0.64267
2.81000,1.98000,0.41732,0.00643,0.57625
3.01000,1.98000,0.37125,0.00614,0.62261
3.21000,1.98000,0.45517,0.00749,0.53734
3.41000,1.98000,0.36992,0.00575,0.62434
3.61000,1.98000,0.34431,0.00777,0.64792
3.81000,1.98000,0.38983,0.00887,0.60130
4.01000,1.98000,0.34649,0.00501,0.64850
4.21000,1.98000,0.36822,0.00659,0.62519
4.41000,1.98000,0.37633,0.00737,0.61629
4.61000,1.98000,0.36767,0.00866,0.62366
4.81000,1.98000,0.34197,0.00490,0.65313
5.01000,1.98000,0.35749,0.00729,0.63521
5.21000,1.98000,0.33778,0.00454,0.65768
5.41000,1.98000,0.25178,0.00166,0.74656
5.61000,1.98000,0.24827,0.00217,0.74956
5.81000,1.98000,0.25756,0.00295,0.73949
6.01000,1.98000,0.25919,0.00201,0.73880
6.21000,1.98000,0.28772,0.00202,0.71026
6.41000,1.98000,0.26951,0.00199,0.72850
6.61000,1.98000,0.23843,0.00138,0.76020
6.81000,1.98000,0.22363,0.00100,0.77537
7.01000,1.98000,0.22636,0.00113,0.77252
7.21000,1.98000,0.22633,0.00121,0.77246
7.41000,1.98000,0.23146,0.00114,0.76740
7.61000,1.98000,0.24637,0.00139,0.75224
7.81000,1.98000,0.20636,0.00099,0.79265
8.01000,1.98000,0.21568,0.00128,0.78304
8.21000,1.98000,0.21533,0.00125,0.78342
8.41000,1.98000,0.60528,0.00077,0.39395
8.61000,1.98000,0.98995,0.00016,0.00989
8.81000,1.98000,0.99978,0.00002,0.00020
9.01000,1.98000,0.99999,0.00000,0.00000
9.21000,1.98000,1.00000,0.00000,0.00000
9.41000,1.98000,1.00000,0.00000,0.00000
9.61000,1.98000,1.00000,0.00000,0.00000
9.81000,1.98000,1.00000,0.00000,0.00000
10.01000,1.98000,1.00000,0.00000,0.00000
10.21000,1.98000,1.00000,0.00000,0.00000
10.41000,1.98000,1.00000,0.00000,0.00000
10.61000,1.98000,1.00000,0.00000,0.00000
10.81000,1.98000,1.00000,0.00000,0.00000
11.01000,1.98000,1.00000,0.00000,0.00000
11.21000,1.98000,1.00000,0.00000,0.00000
11.41000,1.98000,1.00000,0.00000,0.00000
11.61000,1.98000,1.00000,0.00000,0.00000
11.81000,1.98000,1.00000,0.00000,0.00000
12.01000,1.98000,1.00000,0.00000,0.00000
12.21000,1.98000,1.00000,0.00000,0.00000
12.41000,1.98000,1.00000,0.00000,0.00000
12.61000,1.98000,1.00000,0.00000,0.00000
12.81000,1.98000,1.00000,0.00000,0.00000
13.01000,1.98000,1.00000,0.00000,0.00000
13.21000,1.98000,1.00000,0.00000,0.00000
13.41000,1.98000,1.00000,0.00000,0.00000
13.61000,1.98000,1.00000,0.00000,0.00000
13.81000,1.98000,1.00000,0.00000,0.00000
14.01000,1.98000,1.00000,0.00000,0.00000
14.21000,1.98000,1.00000,0.00000,0.00000
14.41000,1.98000,1.00000,0.00000,0.00000
14.61000,1.98000,1.00000,0.00000,0.00000
14.81000,1.98000,1.00000,0.00000,0.00000
15.01000,1.98000,1.00000,0.00000,0.00000
15.21000,1.98000,1.00000,0.00000,0.00000
15.41000,1.98000,1.00000,0.00000,0.00000
15.61000,1.98000,0.99995,0.00005,0.00000
15.81000,1.98000,0.99924,0.00076,0.00000
16.01000,1.98000,0.98829,0.01165,0.00007
16.21000,1.98000,0.82425,0.17364,0.00211
16.41000,1.98000,0.15977,0.83597,0.00426
16.61000,1.98000,0.10716,0.89042,0.00242
16.81000,1.98000,0.11499,0.88087,0.00413
17.01000,1.98000,0.12200,0.87268,0.00531
17.21000,1.98000,0.12522,0.84987,0.02490
17.41000,1.98000,0.13180,0.85714,0.01107
17.61000,1.98000,0.15290,0.84453,0.00257
17.81000,1.98000,0.16578,0.83000,0.00422
18.01000,1.98000,0.12994,0.86455,0.00550
18.21000,1.98000,0.10500,0.88734,0.00767
18.41000,1.98000,0.11243,0.87291,0.01466
18.61000,1.98000,0.09240,0.89607,0.01152
18.81000,1.98000,0.07290,0.92379,0.00330
19.01000,1.98000,0.07242,0.92622,0.00136
19.21000,1.98000,0.07019,0.92741,0.00240
19.41000,1.98000,0.10067,0.88990,0.00943
19.61000,1.98000,0.20842,0.74122,0.05035
19.81000,1.98000,0.24375,0.72383,0.03242
20.01000,1.98000,0.32754,0.64539,0.02707
20.21000,1.98000,0.35346,0.59001,0.05653
20.41000,1.98000,0.36630,0.59711,0.03659
20.61000,1.98000,0.41650,0.53270,0.05081
20.81000,1.98000,0.40858,0.51215,0.07927
21.01000,1.98000,0.43846,0.50331,0.05823
21.21000,1.98000,0.41660,0.55613,0.02727
21.41000,1.98000,0.22253,0.76685,0.01063
21.61000,1.98000,0.18433,0.80825,0.00742
21.81000,1.98000,0.17368,0.81991,0.00642
22.01000,1.98000,0.14909,0.84484,0.00607
22.21000,1.98000,0.15451,0.83761,0.00787
22.41000,1.98000,0.15455,0.84154,0.00391
22.61000,1.98000,0.17910,0.81400,0.00690
22.81000,1.98000,0.16317,0.82715,0.00967
23.01000,1.98000,0.16454,0.82765,0.00781
23.21000,1.98000,0.14424,0.84679,0.00897
23.41000,1.98000,0.14413,0.84670,0.00917
23.61000,1.98000,0.17065,0.82367,0.00568
23.81000,1.98000,0.19136,0.80193,0.00671
24.01000,1.98000,0.18683,0.80879,0.00438
24.21000,1.98000,0.18423,0.81368,0.00209
24.41000,1.98000,0.18544,0.81229,0.00228
24.61000,1.98000,0.28667,0.70613,0.00720
24.81000,1.98000,0.40373,0.58775,0.00853
25.01000,1.98000,0.65747,0.32246,0.02007
25.21000,1.98000,0.73009,0.21923,0.05068
25.41000,1.98000,0.84905,0.05748,0.09347
25.61000,1.98000,0.79257,0.04415,0.16328
25.81000,1.98000,0.74403,0.00971,0.24626
26.01000,1.98000,0.49480,0.00480,0.50040
26.21000,1.98000,0.30971,0.00105,0.68925
26.41000,1.98000,0.29226,0.00104,0.70670
26.61000,1.98000,0.26519,0.00043,0.73438
26.81000,1.98000,0.26080,0.00069,0.73852
27.01000,1.98000,0.26257,0.00042,0.73701
27.21000,1.98000,0.30660,0.00129,0.69211
27.41000,1.98000,0.28219,0.00100,0.71681
27.61000,1.98000,0.34552,0.00261,0.65188
27.81000,1.98000,0.30816,0.00126,0.69058
28.01000,1.98000,0.30246,0.00151,0.69603
28.21000,1.98000,0.30242,0.00122,0.69636
28.41000,1.98000,0.50886,0.00272,0.48842
28.61000,1.98000,0.87034,0.00402,0.12564
28.81000,1.98000,0.99395,0.00056,0.00548
29.01000,1.98000,0.99980,0.00009,0.00011
29.21000,1.98000,0.99998,0.00001,0.00000
29.41000,1.98000,1.00000,0.00000,0.00000
29.61000,1.98000,1.00000,0.00000,0.00000
29.81000,1.98000,1.00000,0.00000,0.00000
30.01000,1.98000,1.00000,0.00000,0.00000
30.21000,1.98000,1.00000,0.00000,0.00000
30.41000,1.98000,1.00000,0.00000,0.00000
30.61000,1.98000,1.00000,0.00000,0.00000
30.81000,1.98000,1.00000,0.00000,0.00000
31.01000,1.98000,1.00000,0.00000,0.00000
31.21000,1.98000,1.00000,0.00000,0.00000
31.41000,1.98000,1.00000,0.00000,0.00000
31.61000,1.98000,1.00000,0.00000,0.00000
31.81000,1.98000,1.00000,0.00000,0.00000
32.01000,1.98000,1.00000,0.00000,0.00000
32.21000,1.98000,1.00000,0.00000,0.00000
32.41000,1.98000,1.00000,0.00000,0.00000
32.61000,1.98000,1.00000,0.00000,0.00000
32.81000,1.98000,1.00000,0.00000,0.00000
33.01000,1.98000,1.00000,0.00000,0.00000
33.21000,1.98000,1.00000,0.00000,0.00000
33.41000,1.98000,1.00000,0.00000,0.00000
33.61000,1.98000,1.00000,0.00000,0.00000
33.81000,1.98000,1.00000,0.00000,0.00000
34.01000,1.98000,1.00000,0.00000,0.00000
34.21000,1.98000,1.00000,0.00000,0.00000
34.41000,1.98000,0.99997,0.00001,0.00002
34.61000,1.98000,0.99841,0.00007,0.00152
34.81000,1.98000,0.92623,0.00048,0.07329
35.01000,1.98000,0.31565,0.00092,0.68343
35.21000,1.98000,0.19578,0.00050,0.80371
35.41000,1.98000,0.15610,0.00049,0.84341
35.61000,1.98000,0.14527,0.00028,0.85445
35.81000,1.98000,0.14667,0.00089,0.85244
36.01000,1.98000,0.14392,0.00059,0.85549
36.21000,1.98000,0.13456,0.00136,0.86408
36.41000,1.98000,0.11346,0.00043,0.88611
36.61000,1.98000,0.10046,0.00104,0.89850
36.81000,1.98000,0.10496,0.00038,0.89466
37.01000,1.98000,0.10667,0.00151,0.89182
37.21000,1.98000,0.10962,0.00049,0.88989
37.41000,1.98000,0.11886,0.00200,0.87914
37.61000,1.98000,0.11103,0.00072,0.88824
37.81000,1.98000,0.13799,0.00261,0.85940
38.01000,1.98000,0.12568,0.00117,0.87316
38.21000,1.98000,0.16092,0.00547,0.83361
38.41000,1.98000,0.47013,0.00582,0.52405
38.61000,1.98000,0.93424,0.00761,0.05815
38.81000,1.98000,0.99795,0.00074,0.00130
39.01000,1.98000,0.99986,0.00012,0.00002
39.21000,1.98000,0.99999,0.00001,0.00000
39.41000,1.98000,1.00000,0.00000,0.00000
39.61000,1.98000,1.00000,0.00000,0.00000
