Time (seconds), Duration (seconds),pred_unlabelled,pred_circle,pred_shaking
0.01000,1.98000,1.00000,0.00000,0.00000
0.21000,1.98000,1.00000,0.00000,0.00000
0.41000,1.98000,1.00000,0.00000,0.00000
0.61000,1.98000,1.00000,0.00000,0.00000
0.81000,1.98000,1.00000,0.00000,0.00000
1.01000,1.98000,1.00000,0.00000,0.00000
1.21000,1.98000,1.00000,0.00000,0.00000
1.41000,1.98000,1.00000,0.00000,0.00000
1.61000,1.98000,1.00000,0.00000,0.00000
1.81000,1.98000,1.00000,0.00000,0.00000
2.01000,1.98000,1.00000,0.00000,0.00000
2.21000,1.98000,1.00000,0.00000,0.00000
2.41000,1.98000,1.00000,0.00000,0.00000
2.61000,1.98000,1.00000,0.00000,0.00000
2.81000,1.98000,1.00000,0.00000,0.00000
3.01000,1.98000,1.00000,0.00000,0.00000
3.21000,1.98000,1.00000,0.00000,0.00000
3.41000,1.98000,1.00000,0.00000,0.00000
3.61000,1.98000,1.00000,0.00000,0.00000
3.81000,1.98000,1.00000,0.00000,0.00000
4.01000,1.98000,1.00000,0.00000,0.00000
4.21000,1.98000,1.00000,0.00000,0.00000
4.41000,1.98000,1.00000,0.00000,0.00000
4.61000,1.98000,0.99953,0.00000,0.00047
4.81000,1.98000,0.89044,0.00001,0.10954
5.01000,1.98000,0.23354,0.00002,0.76644
5.21000,1.98000,0.06350,0.00002,0.93649
5.41000,1.98000,0.07075,0.00015,0.92911
5.61000,1.98000,0.06753,0.00006,0.93241
5.81000,1.98000,0.07576,0.00008,0.92416
6.01000,1.98000,0.08532,0.00023,0.91446
6.21000,1.98000,0.08655,0.00061,0.91283
6.41000,1.98000,0.09044,0.00099,0.90858
6.61000,1.98000,0.09174,0.00092,0.90734
6.81000,1.98000,0.11269,0.00090,0.88641
7.01000,1.98000,0.08494,0.00045,0.91462
7.21000,1.98000,0.08098,0.00040,0.91862
7.41000,1.98000,0.08375,0.00093,0.91532
7.61000,1.98000,0.06023,0.00103,0.93873
7.81000,1.98000,0.06534,0.00100,0.93366
8.01000,1.98000,0.05994,0.00022,0.93984
8.21000,1.98000,0.05922,0.00009,0.94069
8.41000,1.98000,0.04208,0.00003,0.95789
8.61000,1.98000,0.08219,0.00005,0.91777
8.81000,1.98000,0.15875,0.00028,0.84096
9.01000,1.98000,0.31088,0.00097,0.68816
9.21000,1.98000,0.60062,0.00248,0.39690
9.41000,1.98000,0.82411,0.00721,0.16868
9.61000,1.98000,0.93826,0.02468,0.03705
9.81000,1.98000,0.90040,0.09066,0.00893
10.01000,1.98000,0.65649,0.33819,0.00533
10.21000,1.98000,0.31016,0.68823,0.00161
10.41000,1.98000,0.15174,0.84791,0.00035
10.61000,1.98000,0.13034,0.86953,0.00014
10.81000,1.98000,0.07685,0.92310,0.00005
11.01000,1.98000,0.04652,0.95344,0.00004
11.21000,1.98000,0.05861,0.94120,0.00019
11.41000,1.98000,0.06181,0.93771,0.00048
11.61000,1.98000,0.09323,0.90567,0.00110
11.81000,1.98000,0.08102,0.91733,0.00165
12.01000,1.98000,0.08584,0.91137,0.00279
12.21000,1.98000,0.13572,0.85653,0.00775
12.41000,1.98000,0.20287,0.77790,0.01923
12.61000,1.98000,0.28693,0.66656,0.04650
12.81000,1.98000,0.19779,0.78962,0.01259
13.01000,1.98000,0.12169,0.87620,0.00211
13.21000,1.98000,0.09879,0.90071,0.00050
13.41000,1.98000,0.12534,0.87425,0.00041
13.61000,1.98000,0.14161,0.85743,0.00096
13.81000,1.98000,0.39368,0.60164,0.00468
14.01000,1.98000,0.61238,0.38471,0.00291
14.21000,1.98000,0.73211,0.26426,0.00362
14.41000,1.98000,0.86375,0.12618,0.01007
14.61000,1.98000,0.86937,0.05713,0.07350
14.81000,1.98000,0.69862,0.02505,0.27633
15.01000,1.98000,0.40018,0.00277,0.59705
15.21000,1.98000,0.27024,0.00076,0.72899
15.41000,1.98000,0.12094,0.00021,0.87885
15.61000,1.98000,0.10619,0.00034,0.89347
15.81000,1.98000,0.08335,0.00026,0.91639
16.01000,1.98000,0.06247,0.00013,0.93740
16.21000,1.98000,0.05490,0.00007,0.94502
16.41000,1.98000,0.03965,0.00002,0.96033
16.61000,1.98000,0.01436,0.00001,0.98563
16.81000,1.98000,0.01701,0.00001,0.98298
17.01000,1.98000,0.01496,0.00000,0.98504
17.21000,1.98000,0.01692,0.00000,0.98308
17.41000,1.98000,0.01573,0.00000,0.98427
17.61000,1.98000,0.01483,0.00000,0.98517
17.81000,1.98000,0.01706,0.00000,0.98293
18.01000,1.98000,0.01152,0.00000,0.98847
18.21000,1.98000,0.02126,0.00001,0.97873
18.41000,1.98000,0.31390,0.00004,0.68606
18.61000,1.98000,0.95997,0.00009,0.03994
18.81000,1.98000,0.99851,0.00001,0.00148
19.01000,1.98000,0.99997,0.00002,0.00001
19.21000,1.98000,1.00000,0.00000,0.00000
19.41000,1.98000,1.00000,0.00000,0.00000
19.61000,1.98000,1.00000,0.00000,0.00000
19.81000,1.98000,1.00000,0.00000,0.00000
20.01000,1.98000,1.00000,0.00000,0.00000
20.21000,1.98000,1.00000,0.00000,0.00000
20.41000,1.98000,1.00000,0.00000,0.00000
20.61000,1.98000,1.00000,0.00000,0.00000
20.81000,1.98000,1.00000,0.00000,0.00000
21.01000,1.98000,1.00000,0.00000,0.00000
21.21000,1.98000,1.00000,0.00000,0.00000
21.41000,1.98000,1.00000,0.00000,0.00000
21.61000,1.98000,1.00000,0.00000,0.00000
21.81000,1.98000,1.00000,0.00000,0.00000
22.01000,1.98000,1.00000,0.00000,0.00000
22.21000,1.98000,1.00000,0.00000,0.00000
22.41000,1.98000,1.00000,0.00000,0.00000
22.61000,1.98000,1.00000,0.00000,0.00000
22.81000,1.98000,1.00000,0.00000,0.00000
23.01000,1.98000,1.00000,0.00000,0.00000
23.21000,1.98000,1.00000,0.00000,0.00000
23.41000,1.98000,1.00000,0.00000,0.00000
23.61000,1.98000,1.00000,0.00000,0.00000
23.81000,1.98000,1.00000,0.00000,0.00000
24.01000,1.98000,1.00000,0.00000,0.00000
24.21000,1.98000,1.00000,0.00000,0.00000
24.41000,1.98000,1.00000,0.00000,0.00000
24.61000,1.98000,1.00000,0.00000,0.00000
24.81000,1.98000,0.99987,0.00004,0.00010
25.01000,1.98000,0.98693,0.00055,0.01252
25.21000,1.98000,0.54800,0.00108,0.45091
25.41000,1.98000,0.08746,0.00085,0.91169
25.61000,1.98000,0.08115,0.00055,0.91831
25.81000,1.98000,0.07092,0.00013,0.92894
26.01000,1.98000,0.05908,0.00036,0.94056
26.21000,1.98000,0.08532,0.00077,0.91391
26.41000,1.98000,0.10383,0.00018,0.89599
26.61000,1.98000,0.09371,0.00005,0.90624
26.81000,1.98000,0.08874,0.00005,0.91120
27.01000,1.98000,0.10681,0.00016,0.89303
27.21000,1.98000,0.07198,0.00007,0.92796
27.41000,1.98000,0.06458,0.00004,0.93539
27.61000,1.98000,0.06938,0.00005,0.93057
27.81000,1.98000,0.65888,0.00021,0.34090
28.01000,1.98000,0.99241,0.00002,0.00757
28.21000,1.98000,0.99993,0.00001,0.00007
28.41000,1.98000,1.00000,0.00000,0.00000
28.61000,1.98000,1.00000,0.00000,0.00000
28.81000,1.98000,1.00000,0.00000,0.00000
29.01000,1.98000,1.00000,0.00000,0.00000
29.21000,1.98000,1.00000,0.00000,0.00000
29.41000,1.98000,1.00000,0.00000,0.00000
29.61000,1.98000,1.00000,0.00000,0.00000
29.81000,1.98000,1.00000,0.00000,0.00000
30.01000,1.98000,1.00000,0.00000,0.00000
30.21000,1.98000,1.00000,0.00000,0.00000
30.41000,1.98000,1.00000,0.00000,0.00000
30.61000,1.98000,1.00000,0.00000,0.00000
30.81000,1.98000,1.00000,0.00000,0.00000
31.01000,1.98000,1.00000,0.00000,0.00000
31.21000,1.98000,1.00000,0.00000,0.00000
31.41000,1.98000,1.00000,0.00000,0.00000
31.61000,1.98000,1.00000,0.00000,0.00000
31.81000,1.98000,1.00000,0.00000,0.00000
32.01000,1.98000,1.00000,0.00000,0.00000
32.21000,1.98000,1.00000,0.00000,0.00000
32.41000,1.98000,1.00000,0.00000,0.00000
32.61000,1.98000,1.00000,0.00000,0.00000
32.81000,1.98000,1.00000,0.00000,0.00000
33.01000,1.98000,1.00000,0.00000,0.00000
33.21000,1.98000,1.00000,0.00000,0.00000
33.41000,1.98000,1.00000,0.00000,0.00000
33.61000,1.98000,1.00000,0.00000,0.00000
33.81000,1.98000,1.00000,0.00000,0.00000
34.01000,1.98000,1.00000,0.00000,0.00000
34.21000,1.98000,0.99997,0.00003,0.00000
34.41000,1.98000,0.99922,0.00078,0.00000
34.61000,1.98000,0.98420,0.01578,0.00002
34.81000,1.98000,0.72612,0.27272,0.00116
35.01000,1.98000,0.34866,0.64534,0.00599
35.21000,1.98000,0.37977,0.61532,0.00490
35.41000,1.98000,0.31848,0.67958,0.00195
35.61000,1.98000,0.40791,0.58824,0.00385
35.81000,1.98000,0.46044,0.52572,0.01384
36.01000,1.98000,0.48101,0.50353,0.01546
36.21000,1.98000,0.40176,0.58657,0.01167
36.41000,1.98000,0.24149,0.75452,0.00399
36.61000,1.98000,0.19999,0.79710,0.00291
36.81000,1.98000,0.16584,0.83251,0.00165
37.01000,1.98000,0.16973,0.82703,0.00325
37.21000,1.98000,0.14324,0.85290,0.00385
37.41000,1.98000,0.11764,0.88040,0.00196
37.61000,1.98000,0.08219,0.91664,0.00117
37.81000,1.98000,0.09119,0.90776,0.00105
38.01000,1.98000,0.08873,0.90963,0.00164
38.21000,1.98000,0.12980,0.86735,0.00285
38.41000,1.98000,0.16194,0.83574,0.00232
38.61000,1.98000,0.19343,0.79999,0.00658
38.81000,1.98000,0.19660,0.79507,0.00832
39.01000,1.98000,0.17329,0.81912,0.00759
39.21000,1.98000,0.08131,0.91597,0.00272
39.41000,1.98000,0.03013,0.96959,0.00028
39.61000,1.98000,0.01172,0.98825,0.00004
39.81000,1.98000,0.00705,0.99294,0.00001
40.01000,1.98000,0.00667,0.99333,0.00001
40.21000,1.98000,0.00402,0.99598,0.00000
