Time (seconds), Duration (seconds),pred_unlabelled,pred_circle,pred_shaking
0.01000,1.98000,1.00000,0.00000,0.00000
0.21000,1.98000,1.00000,0.00000,0.00000
0.41000,1.98000,1.00000,0.00000,0.00000
0.61000,1.98000,1.00000,0.00000,0.00000
0.81000,1.98000,1.00000,0.00000,0.00000
1.01000,1.98000,1.00000,0.00000,0.00000
1.21000,1.98000,1.00000,0.00000,0.00000
1.41000,1.98000,1.00000,0.00000,0.00000
1.61000,1.98000,1.00000,0.00000,0.00000
1.81000,1.98000,1.00000,0.00000,0.00000
2.01000,1.98000,1.00000,0.00000,0.00000
2.21000,1.98000,1.00000,0.00000,0.00000
2.41000,1.98000,1.00000,0.00000,0.00000
2.61000,1.98000,1.00000,0.00000,0.00000
2.81000,1.98000,1.00000,0.00000,0.00000
3.01000,1.98000,1.00000,0.00000,0.00000
3.21000,1.98000,1.00000,0.00000,0.00000
3.41000,1.98000,1.00000,0.00000,0.00000
3.61000,1.98000,1.00000,0.00000,0.00000
3.81000,1.98000,1.00000,0.00000,0.00000
4.01000,1.98000,1.00000,0.00000,0.00000
4.21000,1.98000,1.00000,0.00000,0.00000
4.41000,1.98000,1.00000,0.00000,0.00000
4.61000,1.98000,1.00000,0.00000,0.00000
4.81000,1.98000,0.99919,0.00000,0.00081
5.01000,1.98000,0.88512,0.00000,0.11488
5.21000,1.98000,0.13574,0.00000,0.86426
5.41000,1.98000,0.11902,0.00000,0.88098
5.61000,1.98000,0.15829,0.00000,0.84171
5.81000,1.98000,0.10934,0.00000,0.89066
6.01000,1.98000,0.07362,0.00000,0.92638
6.21000,1.98000,0.08015,0.00000,0.91985
6.41000,1.98000,0.06958,0.00000,0.93042
6.61000,1.98000,0.05468,0.00000,0.94532
6.81000,1.98000,0.06693,0.00000,0.93307
7.01000,1.98000,0.06463,0.00000,0.93536
7.21000,1.98000,0.06691,0.00000,0.93309
7.41000,1.98000,0.06892,0.00000,0.93108
7.61000,1.98000,0.06746,0.00000,0.93254
7.81000,1.98000,0.06056,0.00000,0.93944
8.01000,1.98000,0.12624,0.00000,0.87376
8.21000,1.98000,0.28953,0.00000,0.71047
8.41000,1.98000,0.43454,0.00001,0.56545
8.61000,1.98000,0.62759,0.00006,0.37236
8.81000,1.98000,0.88014,0.00077,0.11909
9.01000,1.98000,0.96841,0.01039,0.02120
9.21000,1.98000,0.89203,0.10513,0.00284
9.41000,1.98000,0.46053,0.53897,0.00050
9.61000,1.98000,0.10034,0.89957,0.00010
9.81000,1.98000,0.02447,0.97553,0.00001
10.01000,1.98000,0.02161,0.97837,0.00002
10.21000,1.98000,0.01062,0.98937,0.00001
10.41000,1.98000,0.01417,0.98580,0.00003
10.61000,1.98000,0.01582,0.98414,0.00004
10.81000,1.98000,0.03149,0.96819,0.00032
11.01000,1.98000,0.06092,0.93781,0.00127
11.21000,1.98000,0.05547,0.94274,0.00179
11.41000,1.98000,0.01717,0.98271,0.00012
11.61000,1.98000,0.00811,0.99188,0.00002
11.81000,1.98000,0.01061,0.98936,0.00003
12.01000,1.98000,0.02456,0.97541,0.00003
12.21000,1.98000,0.01921,0.98078,0.00001
12.41000,1.98000,0.01651,0.98349,0.00001
12.61000,1.98000,0.01465,0.98534,0.00000
12.81000,1.98000,0.01390,0.98609,0.00001
13.01000,1.98000,0.02434,0.97558,0.00008
13.21000,1.98000,0.06841,0.93124,0.00036
13.41000,1.98000,0.16239,0.83527,0.00235
13.61000,1.98000,0.18340,0.80895,0.00766
13.81000,1.98000,0.17748,0.81982,0.00270
14.01000,1.98000,0.79638,0.15200,0.05162
14.21000,1.98000,0.84238,0.02731,0.13031
14.41000,1.98000,0.75877,0.00332,0.23790
14.61000,1.98000,0.74391,0.00181,0.25429
14.81000,1.98000,0.85008,0.00262,0.14730
15.01000,1.98000,0.86545,0.00097,0.13358
15.21000,1.98000,0.81075,0.00044,0.18881
15.41000,1.98000,0.61853,0.00023,0.38124
15.61000,1.98000,0.38104,0.00006,0.61891
15.81000,1.98000,0.24633,0.00004,0.75363
16.01000,1.98000,0.25798,0.00025,0.74177
16.21000,1.98000,0.27683,0.00166,0.72151
16.41000,1.98000,0.25999,0.00068,0.73932
16.61000,1.98000,0.30620,0.00064,0.69315
16.81000,1.98000,0.27070,0.00110,0.72820
17.01000,1.98000,0.25741,0.00080,0.74179
17.21000,1.98000,0.25583,0.00206,0.74211
17.41000,1.98000,0.20772,0.00115,0.79113
17.61000,1.98000,0.17377,0.00071,0.82552
17.81000,1.98000,0.14777,0.00187,0.85036
18.01000,1.98000,0.11461,0.00055,0.88484
18.21000,1.98000,0.08353,0.00052,0.91595
18.41000,1.98000,0.06660,0.00010,0.93330
18.61000,1.98000,0.09104,0.00010,0.90886
18.81000,1.98000,0.88006,0.00006,0.11988
19.01000,1.98000,0.99916,0.00000,0.00083
19.21000,1.98000,1.00000,0.00000,0.00000
19.41000,1.98000,1.00000,0.00000,0.00000
19.61000,1.98000,1.00000,0.00000,0.00000
19.81000,1.98000,1.00000,0.00000,0.00000
20.01000,1.98000,1.00000,0.00000,0.00000
20.21000,1.98000,1.00000,0.00000,0.00000
20.41000,1.98000,1.00000,0.00000,0.00000
20.61000,1.98000,1.00000,0.00000,0.00000
20.81000,1.98000,1.00000,0.00000,0.00000
21.01000,1.98000,1.00000,0.00000,0.00000
21.21000,1.98000,1.00000,0.00000,0.00000
21.41000,1.98000,1.00000,0.00000,0.00000
21.61000,1.98000,1.00000,0.00000,0.00000
21.81000,1.98000,1.00000,0.00000,0.00000
22.01000,1.98000,1.00000,0.00000,0.00000
22.21000,1.98000,1.00000,0.00000,0.00000
22.41000,1.98000,1.00000,0.00000,0.00000
22.61000,1.98000,1.00000,0.00000,0.00000
22.81000,1.98000,1.00000,0.00000,0.00000
23.01000,1.98000,1.00000,0.00000,0.00000
23.21000,1.98000,1.00000,0.00000,0.00000
23.41000,1.98000,1.00000,0.00000,0.00000
23.61000,1.98000,1.00000,0.00000,0.00000
23.81000,1.98000,1.00000,0.00000,0.00000
24.01000,1.98000,1.00000,0.00000,0.00000
24.21000,1.98000,1.00000,0.00000,0.00000
24.41000,1.98000,0.99992,0.00003,0.00005
24.61000,1.98000,0.98774,0.00070,0.01155
24.81000,1.98000,0.58436,0.00145,0.41418
25.01000,1.98000,0.09238,0.00026,0.90736
25.21000,1.98000,0.10769,0.00016,0.89215
25.41000,1.98000,0.11525,0.00008,0.88467
25.61000,1.98000,0.13558,0.00002,0.86441
25.81000,1.98000,0.32225,0.00001,0.67774
26.01000,1.98000,0.21814,0.00000,0.78186
26.21000,1.98000,0.20469,0.00000,0.79531
26.41000,1.98000,0.19382,0.00000,0.80618
26.61000,1.98000,0.16180,0.00000,0.83820
26.81000,1.98000,0.16580,0.00000,0.83420
27.01000,1.98000,0.17345,0.00000,0.82655
27.21000,1.98000,0.14388,0.00000,0.85611
27.41000,1.98000,0.11960,0.00000,0.88040
27.61000,1.98000,0.13291,0.00000,0.86709
27.81000,1.98000,0.14357,0.00003,0.85640
28.01000,1.98000,0.13168,0.00001,0.86832
28.21000,1.98000,0.10219,0.00001,0.89780
28.41000,1.98000,0.10270,0.00000,0.89730
28.61000,1.98000,0.32724,0.00000,0.67276
28.81000,1.98000,0.89191,0.00000,0.10809
29.01000,1.98000,0.99869,0.00000,0.00130
29.21000,1.98000,0.99999,0.00000,0.00001
29.41000,1.98000,1.00000,0.00000,0.00000
29.61000,1.98000,1.00000,0.00000,0.00000
29.81000,1.98000,1.00000,0.00000,0.00000
30.01000,1.98000,1.00000,0.00000,0.00000
30.21000,1.98000,1.00000,0.00000,0.00000
30.41000,1.98000,1.00000,0.00000,0.00000
30.61000,1.98000,1.00000,0.00000,0.00000
30.81000,1.98000,1.00000,0.00000,0.00000
31.01000,1.98000,1.00000,0.00000,0.00000
31.21000,1.98000,1.00000,0.00000,0.00000
31.41000,1.98000,1.00000,0.00000,0.00000
31.61000,1.98000,1.00000,0.00000,0.00000
31.81000,1.98000,1.00000,0.00000,0.00000
32.01000,1.98000,1.00000,0.00000,0.00000
32.21000,1.98000,1.00000,0.00000,0.00000
32.41000,1.98000,1.00000,0.00000,0.00000
32.61000,1.98000,1.00000,0.00000,0.00000
32.81000,1.98000,1.00000,0.00000,0.00000
33.01000,1.98000,1.00000,0.00000,0.00000
33.21000,1.98000,1.00000,0.00000,0.00000
33.41000,1.98000,1.00000,0.00000,0.00000
33.61000,1.98000,1.00000,0.00000,0.00000
33.81000,1.98000,1.00000,0.00000,0.00000
34.01000,1.98000,1.00000,0.00000,0.00000
34.21000,1.98000,1.00000,0.00000,0.00000
34.41000,1.98000,0.99992,0.00007,0.00000
34.61000,1.98000,0.99739,0.00229,0.00032
34.81000,1.98000,0.89898,0.08344,0.01757
35.01000,1.98000,0.23401,0.73067,0.03533
35.21000,1.98000,0.20941,0.75829,0.03230
35.41000,1.98000,0.18038,0.78165,0.03797
35.61000,1.98000,0.21754,0.76657,0.01590
35.81000,1.98000,0.13961,0.85301,0.00738
36.01000,1.98000,0.13970,0.84487,0.01543
36.21000,1.98000,0.14441,0.83280,0.02279
36.41000,1.98000,0.12983,0.85148,0.01868
36.61000,1.98000,0.12597,0.86341,0.01061
36.81000,1.98000,0.12896,0.86496,0.00608
37.01000,1.98000,0.11677,0.87633,0.00690
37.21000,1.98000,0.13409,0.86281,0.00310
37.41000,1.98000,0.27164,0.71799,0.01037
37.61000,1.98000,0.25465,0.72367,0.02168
37.81000,1.98000,0.20424,0.78689,0.00887
38.01000,1.98000,0.18516,0.81084,0.00400
38.21000,1.98000,0.16862,0.83022,0.00116
38.41000,1.98000,0.13724,0.86232,0.00044
38.61000,1.98000,0.11323,0.88635,0.00042
38.81000,1.98000,0.05533,0.94434,0.00033
