Time (seconds), Duration (seconds),pred_unlabelled,pred_circle,pred_shaking
0.01000,1.98000,0.24945,0.73934,0.01121
0.21000,1.98000,0.23388,0.75404,0.01208
0.41000,1.98000,0.27463,0.71800,0.00737
0.61000,1.98000,0.28959,0.70578,0.00464
0.81000,1.98000,0.30790,0.68237,0.00973
1.01000,1.98000,0.36428,0.62640,0.00932
1.21000,1.98000,0.34165,0.65023,0.00812
1.41000,1.98000,0.33784,0.65409,0.00808
1.61000,1.98000,0.34903,0.64657,0.00441
1.81000,1.98000,0.34233,0.65355,0.00412
2.01000,1.98000,0.32933,0.66770,0.00298
2.21000,1.98000,0.33858,0.65883,0.00259
2.41000,1.98000,0.33572,0.65981,0.00447
2.61000,1.98000,0.29122,0.70671,0.00207
2.81000,1.98000,0.25996,0.73680,0.00324
3.01000,1.98000,0.22897,0.76752,0.00352
3.21000,1.98000,0.23500,0.76254,0.00246
3.41000,1.98000,0.23264,0.76554,0.00182
3.61000,1.98000,0.52960,0.47009,0.00031
3.81000,1.98000,0.90368,0.09628,0.00004
4.01000,1.98000,0.99385,0.00615,0.00000
4.21000,1.98000,0.99970,0.00030,0.00000
4.41000,1.98000,0.99998,0.00001,0.00000
4.61000,1.98000,1.00000,0.00000,0.00000
4.81000,1.98000,1.00000,0.00000,0.00000
5.01000,1.98000,1.00000,0.00000,0.00000
5.21000,1.98000,1.00000,0.00000,0.00000
5.41000,1.98000,1.00000,0.00000,0.00000
5.61000,1.98000,1.00000,0.00000,0.00000
5.81000,1.98000,1.00000,0.00000,0.00000
6.01000,1.98000,1.00000,0.00000,0.00000
6.21000,1.98000,1.00000,0.00000,0.00000
6.41000,1.98000,1.00000,0.00000,0.00000
6.61000,1.98000,1.00000,0.00000,0.00000
6.81000,1.98000,1.00000,0.00000,0.00000
7.01000,1.98000,1.00000,0.00000,0.00000
7.21000,1.98000,1.00000,0.00000,0.00000
7.41000,1.98000,1.00000,0.00000,0.00000
7.61000,1.98000,1.00000,0.00000,0.00000
7.81000,1.98000,1.00000,0.00000,0.00000
8.01000,1.98000,1.00000,0.00000,0.00000
8.21000,1.98000,1.00000,0.00000,0.00000
8.41000,1.98000,1.00000,0.00000,0.00000
8.61000,1.98000,1.00000,0.00000,0.00000
8.81000,1.98000,1.00000,0.00000,0.00000
9.01000,1.98000,1.00000,0.00000,0.00000
9.21000,1.98000,1.00000,0.00000,0.00000
9.41000,1.98000,1.00000,0.00000,0.00000
9.61000,1.98000,1.00000,0.00000,0.00000
9.81000,1.98000,1.00000,0.00000,0.00000
10.01000,1.98000,1.00000,0.00000,0.00000
10.21000,1.98000,1.00000,0.00000,0.00000
10.41000,1.98000,1.00000,0.00000,0.00000
10.61000,1.98000,1.00000,0.00000,0.00000
10.81000,1.98000,0.99998,0.00000,0.00002
11.01000,1.98000,0.99778,0.00001,0.00221
11.21000,1.98000,0.79802,0.00004,0.20195
11.41000,1.98000,0.36668,0.00002,0.63331
11.61000,1.98000,0.38953,0.00001,0.61046
11.81000,1.98000,0.35058,0.00001,0.64942
12.01000,1.98000,0.36489,0.00000,0.63511
12.21000,1.98000,0.32441,0.00001,0.67558
12.41000,1.98000,0.34920,0.00001,0.65080
12.61000,1.98000,0.35320,0.00000,0.64679
12.81000,1.98000,0.34379,0.00000,0.65620
13.01000,1.98000,0.32917,0.00000,0.67082
13.21000,1.98000,0.33807,0.00001,0.66192
13.41000,1.98000,0.34554,0.00002,0.65444
13.61000,1.98000,0.30881,0.00003,0.69116
13.81000,1.98000,0.29644,0.00004,0.70352
14.01000,1.98000,0.29802,0.00004,0.70194
14.21000,1.98000,0.31095,0.00002,0.68903
14.41000,1.98000,0.28431,0.00001,0.71568
14.61000,1.98000,0.29871,0.00001,0.70129
14.81000,1.98000,0.25335,0.00001,0.74665
15.01000,1.98000,0.27138,0.00000,0.72861
15.21000,1.98000,0.88930,0.00001,0.11070
15.41000,1.98000,0.99792,0.00000,0.00208
15.61000,1.98000,0.99998,0.00000,0.00002
15.81000,1.98000,1.00000,0.00000,0.00000
16.01000,1.98000,1.00000,0.00000,0.00000
16.21000,1.98000,1.00000,0.00000,0.00000
16.41000,1.98000,1.00000,0.00000,0.00000
16.61000,1.98000,1.00000,0.00000,0.00000
16.81000,1.98000,1.00000,0.00000,0.00000
17.01000,1.98000,1.00000,0.00000,0.00000
17.21000,1.98000,1.00000,0.00000,0.00000
17.41000,1.98000,1.00000,0.00000,0.00000
17.61000,1.98000,1.00000,0.00000,0.00000
17.81000,1.98000,1.00000,0.00000,0.00000
18.01000,1.98000,1.00000,0.00000,0.00000
18.21000,1.98000,1.00000,0.00000,0.00000
18.41000,1.98000,1.00000,0.00000,0.00000
18.61000,1.98000,1.00000,0.00000,0.00000
18.81000,1.98000,1.00000,0.00000,0.00000
19.01000,1.98000,1.00000,0.00000,0.00000
19.21000,1.98000,1.00000,0.00000,0.00000
19.41000,1.98000,1.00000,0.00000,0.00000
19.61000,1.98000,1.00000,0.00000,0.00000
19.81000,1.98000,1.00000,0.00000,0.00000
20.01000,1.98000,1.00000,0.00000,0.00000
20.21000,1.98000,1.00000,0.00000,0.00000
20.41000,1.98000,1.00000,0.00000,0.00000
20.61000,1.98000,1.00000,0.00000,0.00000
20.81000,1.98000,1.00000,0.00000,0.00000
21.01000,1.98000,1.00000,0.00000,0.00000
21.21000,1.98000,1.00000,0.00000,0.00000
21.41000,1.98000,1.00000,0.00000,0.00000
21.61000,1.98000,1.00000,0.00000,0.00000
21.81000,1.98000,1.00000,0.00000,0.00000
22.01000,1.98000,0.99988,0.00011,0.00001
22.21000,1.98000,0.99695,0.00226,0.00079
22.41000,1.98000,0.84719,0.04887,0.10395
22.61000,1.98000,0.17431,0.09032,0.73537
22.81000,1.98000,0.18337,0.09671,0.71992
23.01000,1.98000,0.19032,0.09526,0.71442
23.21000,1.98000,0.21802,0.06866,0.71333
23.41000,1.98000,0.19618,0.04584,0.75798
23.61000,1.98000,0.21854,0.04317,0.73829
23.81000,1.98000,0.21352,0.04180,0.74467
24.01000,1.98000,0.22051,0.03034,0.74915
24.21000,1.98000,0.24123,0.02994,0.72883
24.41000,1.98000,0.26020,0.03702,0.70278
24.61000,1.98000,0.26628,0.02886,0.70487
24.81000,1.98000,0.23605,0.02227,0.74168
25.01000,1.98000,0.25699,0.02614,0.71687
25.21000,1.98000,0.22821,0.01947,0.75232
25.41000,1.98000,0.23765,0.02426,0.73809
25.61000,1.98000,0.23995,0.02401,0.73603
25.81000,1.98000,0.25771,0.02329,0.71900
26.01000,1.98000,0.23604,0.01776,0.74619
26.21000,1.98000,0.22210,0.02216,0.75574
26.41000,1.98000,0.23876,0.01826,0.74298
26.61000,1.98000,0.19808,0.01281,0.78910
26.81000,1.98000,0.21214,0.02291,0.76496
27.01000,1.98000,0.18327,0.01926,0.79747
27.21000,1.98000,0.19382,0.02052,0.78566
27.41000,1.98000,0.18677,0.01874,0.79449
27.61000,1.98000,0.19430,0.02447,0.78123
27.81000,1.98000,0.20616,0.03020,0.76364
28.01000,1.98000,0.17069,0.02455,0.80476
28.21000,1.98000,0.72275,0.04109,0.23617
28.41000,1.98000,0.99017,0.00462,0.00521
28.61000,1.98000,0.99923,0.00072,0.00004
28.81000,1.98000,0.99997,0.00003,0.00000
29.01000,1.98000,1.00000,0.00000,0.00000
29.21000,1.98000,1.00000,0.00000,0.00000
29.41000,1.98000,1.00000,0.00000,0.00000
29.61000,1.98000,1.00000,0.00000,0.00000
29.81000,1.98000,1.00000,0.00000,0.00000
30.01000,1.98000,1.00000,0.00000,0.00000
30.21000,1.98000,1.00000,0.00000,0.00000
30.41000,1.98000,1.00000,0.00000,0.00000
30.61000,1.98000,1.00000,0.00000,0.00000
30.81000,1.98000,1.00000,0.00000,0.00000
31.01000,1.98000,1.00000,0.00000,0.00000
31.21000,1.98000,1.00000,0.00000,0.00000
31.41000,1.98000,1.00000,0.00000,0.00000
31.61000,1.98000,0.99995,0.00000,0.00005
31.81000,1.98000,0.99461,0.00000,0.00539
32.01000,1.98000,0.73450,0.00000,0.26550
32.21000,1.98000,0.46112,0.00000,0.53888
32.41000,1.98000,0.48123,0.00000,0.51877
32.61000,1.98000,0.46066,0.00000,0.53934
32.81000,1.98000,0.48945,0.00000,0.51055
33.01000,1.98000,0.43771,0.00000,0.56229
33.21000,1.98000,0.46825,0.00000,0.53175
33.41000,1.98000,0.40565,0.00000,0.59435
33.61000,1.98000,0.39172,0.00000,0.60828
33.81000,1.98000,0.36024,0.00000,0.63976
34.01000,1.98000,0.41209,0.00000,0.58791
34.21000,1.98000,0.60933,0.00000,0.39067
34.41000,1.98000,0.97655,0.00000,0.02345
34.61000,1.98000,0.99958,0.00000,0.00042
34.81000,1.98000,0.99999,0.00000,0.00001
35.01000,1.98000,1.00000,0.00000,0.00000
35.21000,1.98000,1.00000,0.00000,0.00000
35.41000,1.98000,1.00000,0.00000,0.00000
35.61000,1.98000,1.00000,0.00000,0.00000
35.81000,1.98000,1.00000,0.00000,0.00000
36.01000,1.98000,1.00000,0.00000,0.00000
36.21000,1.98000,1.00000,0.00000,0.00000
36.41000,1.98000,0.99995,0.00000,0.00005
36.61000,1.98000,0.99758,0.00000,0.00242
36.81000,1.98000,0.85564,0.00000,0.14436
37.01000,1.98000,0.11359,0.00000,0.88641
37.21000,1.98000,0.13231,0.00000,0.86769
37.41000,1.98000,0.15190,0.00000,0.84810
37.61000,1.98000,0.15340,0.00000,0.84660
37.81000,1.98000,0.18147,0.00000,0.81853
38.01000,1.98000,0.17691,0.00000,0.82309
38.21000,1.98000,0.19913,0.00000,0.80087
38.41000,1.98000,0.19700,0.00000,0.80300
38.61000,1.98000,0.19575,0.00000,0.80425
38.81000,1.98000,0.20324,0.00000,0.79676
39.01000,1.98000,0.20208,0.00000,0.79792
39.21000,1.98000,0.20761,0.00000,0.79239
39.41000,1.98000,0.17135,0.00000,0.82865
39.61000,1.98000,0.16969,0.00000,0.83031
39.81000,1.98000,0.16580,0.00000,0.83420
40.01000,1.98000,0.19537,0.00000,0.80463
40.21000,1.98000,0.17616,0.00000,0.82384
40.41000,1.98000,0.19792,0.00000,0.80208
40.61000,1.98000,0.16693,0.00000,0.83307
40.81000,1.98000,0.15856,0.00000,0.84144
41.01000,1.98000,0.16443,0.00000,0.83557
41.21000,1.98000,0.14486,0.00000,0.85514
41.41000,1.98000,0.16594,0.00000,0.83406
41.61000,1.98000,0.14991,0.00000,0.85009
41.81000,1.98000,0.20064,0.00000,0.79936
42.01000,1.98000,0.18250,0.00000,0.81750
42.21000,1.98000,0.21442,0.00000,0.78558
42.41000,1.98000,0.16466,0.00000,0.83534
42.61000,1.98000,0.16577,0.00000,0.83423
42.81000,1.98000,0.18191,0.00000,0.81809
43.01000,1.98000,0.17430,0.00000,0.82570
43.21000,1.98000,0.19089,0.00000,0.80911
43.41000,1.98000,0.18676,0.00000,0.81324
43.61000,1.98000,0.34869,0.00000,0.65131
43.81000,1.98000,0.87897,0.00000,0.12103
44.01000,1.98000,0.99473,0.00000,0.00527
44.21000,1.98000,0.99470,0.00000,0.00530
44.41000,1.98000,0.99192,0.00001,0.00807
44.61000,1.98000,0.99377,0.00001,0.00621
44.81000,1.98000,0.99368,0.00005,0.00627
45.01000,1.98000,0.99385,0.00003,0.00612
45.21000,1.98000,0.99310,0.00013,0.00677
45.41000,1.98000,0.99550,0.00014,0.00436
45.61000,1.98000,0.99746,0.00003,0.00251
45.81000,1.98000,0.94677,0.00013,0.05310
46.01000,1.98000,0.44264,0.00006,0.55730
46.21000,1.98000,0.23529,0.00006,0.76465
46.41000,1.98000,0.22076,0.00006,0.77918
46.61000,1.98000,0.26960,0.00009,0.73032
46.81000,1.98000,0.23812,0.00022,0.76166
47.01000,1.98000,0.23687,0.00007,0.76306
47.21000,1.98000,0.24020,0.00009,0.75972
47.41000,1.98000,0.22220,0.00009,0.77771
47.61000,1.98000,0.25791,0.00006,0.74203
47.81000,1.98000,0.23347,0.00015,0.76638
48.01000,1.98000,0.26015,0.00007,0.73978
48.21000,1.98000,0.24000,0.00006,0.75993
48.41000,1.98000,0.22727,0.00003,0.77270
48.61000,1.98000,0.23178,0.00002,0.76820
48.81000,1.98000,0.23866,0.00008,0.76126
49.01000,1.98000,0.27421,0.00003,0.72577
49.21000,1.98000,0.23818,0.00003,0.76179
49.41000,1.98000,0.21927,0.00002,0.78071
49.61000,1.98000,0.22511,0.00002,0.77487
49.81000,1.98000,0.39200,0.00017,0.60784
50.01000,1.98000,0.91464,0.00018,0.08518
50.21000,1.98000,0.99397,0.00006,0.00597
50.41000,1.98000,0.99981,0.00004,0.00016
50.61000,1.98000,0.99998,0.00001,0.00000
50.81000,1.98000,0.99999,0.00001,0.00000
51.01000,1.98000,1.00000,0.00000,0.00000
51.21000,1.98000,1.00000,0.00000,0.00000
51.41000,1.98000,1.00000,0.00000,0.00000
51.61000,1.98000,1.00000,0.00000,0.00000
51.81000,1.98000,1.00000,0.00000,0.00000
52.01000,1.98000,1.00000,0.00000,0.00000
52.21000,1.98000,1.00000,0.00000,0.00000
52.41000,1.98000,1.00000,0.00000,0.00000
52.61000,1.98000,1.00000,0.00000,0.00000
52.81000,1.98000,1.00000,0.00000,0.00000
53.01000,1.98000,1.00000,0.00000,0.00000
53.21000,1.98000,1.00000,0.00000,0.00000
53.41000,1.98000,1.00000,0.00000,0.00000
53.61000,1.98000,1.00000,0.00000,0.00000
53.81000,1.98000,1.00000,0.00000,0.00000
54.01000,1.98000,1.00000,0.00000,0.00000
