Time (seconds), Duration (seconds),pred_unlabelled,pred_circle,pred_shaking
0.01000,1.98000,0.24561,0.01704,0.73735
0.21000,1.98000,0.28263,0.02193,0.69544
0.41000,1.98000,0.24979,0.01041,0.73980
0.61000,1.98000,0.25745,0.02289,0.71967
0.81000,1.98000,0.25653,0.03267,0.71080
1.01000,1.98000,0.24147,0.01633,0.74220
1.21000,1.98000,0.20139,0.01043,0.78817
1.41000,1.98000,0.16298,0.00196,0.83505
1.61000,1.98000,0.24913,0.00235,0.74852
1.81000,1.98000,0.23467,0.00363,0.76170
2.01000,1.98000,0.22317,0.00189,0.77494
2.21000,1.98000,0.18253,0.00147,0.81601
2.41000,1.98000,0.19312,0.00018,0.80669
2.61000,1.98000,0.15280,0.00002,0.84718
2.81000,1.98000,0.09427,0.00004,0.90569
3.01000,1.98000,0.12622,0.00005,0.87373
3.21000,1.98000,0.10413,0.00006,0.89581
3.41000,1.98000,0.08814,0.00017,0.91168
3.61000,1.98000,0.05926,0.00006,0.94068
3.81000,1.98000,0.03000,0.00004,0.96996
4.01000,1.98000,0.04216,0.00027,0.95757
4.21000,1.98000,0.05693,0.00067,0.94241
4.41000,1.98000,0.07049,0.03109,0.89842
4.61000,1.98000,0.18262,0.07242,0.74496
4.81000,1.98000,0.15905,0.01765,0.82330
5.01000,1.98000,0.10854,0.02475,0.86672
5.21000,1.98000,0.23417,0.05196,0.71387
5.41000,1.98000,0.10298,0.02576,0.87126
5.61000,1.98000,0.10705,0.05146,0.84149
5.81000,1.98000,0.20530,0.07502,0.71969
6.01000,1.98000,0.14165,0.05951,0.79884
6.21000,1.98000,0.18470,0.05747,0.75783
6.41000,1.98000,0.14184,0.04787,0.81029
6.61000,1.98000,0.11922,0.09179,0.78899
6.81000,1.98000,0.11217,0.06178,0.82605
7.01000,1.98000,0.12077,0.03059,0.84864
7.21000,1.98000,0.11718,0.02435,0.85847
7.41000,1.98000,0.27577,0.03776,0.68646
7.61000,1.98000,0.17375,0.02588,0.80037
7.81000,1.98000,0.19206,0.02368,0.78426
8.01000,1.98000,0.22892,0.01530,0.75578
8.21000,1.98000,0.17742,0.00911,0.81347
8.41000,1.98000,0.18361,0.00589,0.81050
8.61000,1.98000,0.32124,0.01451,0.66425
8.81000,1.98000,0.33475,0.02407,0.64119
9.01000,1.98000,0.26760,0.01471,0.71769
9.21000,1.98000,0.24365,0.01402,0.74233
9.41000,1.98000,0.26712,0.01715,0.71573
9.61000,1.98000,0.34853,0.02527,0.62620
9.81000,1.98000,0.25272,0.01306,0.73422
10.01000,1.98000,0.22458,0.02171,0.75371
10.21000,1.98000,0.09734,0.00214,0.90052
10.41000,1.98000,0.06738,0.00115,0.93146
10.61000,1.98000,0.04877,0.00027,0.95096
10.81000,1.98000,0.04257,0.00009,0.95734
11.01000,1.98000,0.01868,0.00005,0.98126
11.21000,1.98000,0.01525,0.00005,0.98470
11.41000,1.98000,0.01233,0.00005,0.98762
11.61000,1.98000,0.00862,0.00000,0.99137
11.81000,1.98000,0.01330,0.00001,0.98669
12.01000,1.98000,0.02334,0.00001,0.97666
12.21000,1.98000,0.04136,0.00012,0.95852
12.41000,1.98000,0.05775,0.00010,0.94215
12.61000,1.98000,0.08367,0.00043,0.91590
12.81000,1.98000,0.16646,0.00089,0.83265
13.01000,1.98000,0.23522,0.00071,0.76407
13.21000,1.98000,0.22035,0.00042,0.77924
13.41000,1.98000,0.37224,0.00100,0.62676
13.61000,1.98000,0.35352,0.00593,0.64055
13.81000,1.98000,0.32812,0.00930,0.66259
14.01000,1.98000,0.29713,0.00811,0.69477
14.21000,1.98000,0.24436,0.00126,0.75438
14.41000,1.98000,0.20564,0.00464,0.78972
14.61000,1.98000,0.16801,0.00234,0.82965
14.81000,1.98000,0.17300,0.00593,0.82107
15.01000,1.98000,0.17287,0.00169,0.82543
15.21000,1.98000,0.11798,0.00041,0.88160
15.41000,1.98000,0.06156,0.00028,0.93816
15.61000,1.98000,0.06400,0.00020,0.93580
15.81000,1.98000,0.03642,0.00008,0.96350
16.01000,1.98000,0.03319,0.00067,0.96614
16.21000,1.98000,0.03528,0.00071,0.96401
16.41000,1.98000,0.03002,0.00089,0.96908
16.61000,1.98000,0.03874,0.00118,0.96007
16.81000,1.98000,0.02512,0.00040,0.97448
17.01000,1.98000,0.03087,0.00060,0.96854
17.21000,1.98000,0.03122,0.00035,0.96843
17.41000,1.98000,0.03198,0.00049,0.96752
17.61000,1.98000,0.03230,0.00007,0.96764
17.81000,1.98000,0.07173,0.00008,0.92819
18.01000,1.98000,0.06746,0.00007,0.93248
18.21000,1.98000,0.07798,0.00004,0.92198
18.41000,1.98000,0.08443,0.00002,0.91555
18.61000,1.98000,0.09503,0.00003,0.90494
18.81000,1.98000,0.10573,0.00012,0.89416
19.01000,1.98000,0.12467,0.00032,0.87502
19.21000,1.98000,0.09723,0.00013,0.90265
19.41000,1.98000,0.11525,0.00103,0.88372
19.61000,1.98000,0.10054,0.00126,0.89820
19.81000,1.98000,0.18083,0.00444,0.81473
20.01000,1.98000,0.11404,0.00259,0.88338
20.21000,1.98000,0.11768,0.00086,0.88146
20.41000,1.98000,0.18046,0.00089,0.81865
20.61000,1.98000,0.10622,0.00040,0.89338
20.81000,1.98000,0.12114,0.00033,0.87853
21.01000,1.98000,0.10612,0.00011,0.89377
21.21000,1.98000,0.12477,0.00023,0.87500
21.41000,1.98000,0.10585,0.00004,0.89410
21.61000,1.98000,0.08581,0.00003,0.91417
21.81000,1.98000,0.08754,0.00000,0.91246
22.01000,1.98000,0.07137,0.00000,0.92863
22.21000,1.98000,0.08428,0.00007,0.91565
22.41000,1.98000,0.07397,0.00004,0.92599
22.61000,1.98000,0.09131,0.00002,0.90867
22.81000,1.98000,0.11422,0.00012,0.88566
23.01000,1.98000,0.09169,0.00013,0.90818
23.21000,1.98000,0.13569,0.00029,0.86403
23.41000,1.98000,0.18273,0.00039,0.81688
23.61000,1.98000,0.17993,0.00153,0.81854
23.81000,1.98000,0.19791,0.00425,0.79785
24.01000,1.98000,0.13893,0.00046,0.86061
24.21000,1.98000,0.10796,0.00010,0.89194
24.41000,1.98000,0.05140,0.00022,0.94838
24.61000,1.98000,0.05478,0.00014,0.94509
24.81000,1.98000,0.03068,0.00002,0.96930
25.01000,1.98000,0.03219,0.00009,0.96772
25.21000,1.98000,0.03192,0.00007,0.96802
25.41000,1.98000,0.02663,0.00006,0.97331
25.61000,1.98000,0.03339,0.00001,0.96660
25.81000,1.98000,0.03243,0.00001,0.96756
26.01000,1.98000,0.04739,0.00021,0.95240
26.21000,1.98000,0.05424,0.00013,0.94563
26.41000,1.98000,0.07384,0.00002,0.92615
26.61000,1.98000,0.09348,0.00002,0.90649
26.81000,1.98000,0.13651,0.00023,0.86327
27.01000,1.98000,0.16057,0.00032,0.83911
27.21000,1.98000,0.11354,0.00003,0.88643
27.41000,1.98000,0.09545,0.00003,0.90452
27.61000,1.98000,0.09796,0.00003,0.90201
27.81000,1.98000,0.08663,0.00000,0.91337
28.01000,1.98000,0.07764,0.00000,0.92236
28.21000,1.98000,0.07341,0.00000,0.92659
28.41000,1.98000,0.13796,0.00001,0.86203
28.61000,1.98000,0.08870,0.00000,0.91129
28.81000,1.98000,0.08180,0.00000,0.91820
29.01000,1.98000,0.08294,0.00000,0.91706
29.21000,1.98000,0.10188,0.00001,0.89811
29.41000,1.98000,0.07420,0.00000,0.92580
29.61000,1.98000,0.10636,0.00001,0.89363
29.81000,1.98000,0.07509,0.00002,0.92489
30.01000,1.98000,0.08301,0.00024,0.91676
30.21000,1.98000,0.15467,0.00057,0.84476
30.41000,1.98000,0.09123,0.00031,0.90846
30.61000,1.98000,0.09116,0.00017,0.90868
30.81000,1.98000,0.10997,0.00139,0.88864
31.01000,1.98000,0.09534,0.00033,0.90432
31.21000,1.98000,0.10545,0.00216,0.89239
31.41000,1.98000,0.10239,0.00302,0.89459
31.61000,1.98000,0.09376,0.00010,0.90613
31.81000,1.98000,0.15592,0.00000,0.84407
32.01000,1.98000,0.11866,0.00000,0.88134
32.21000,1.98000,0.12007,0.00000,0.87993
32.41000,1.98000,0.11867,0.00000,0.88133
32.61000,1.98000,0.09793,0.00000,0.90207
32.81000,1.98000,0.11516,0.00000,0.88484
33.01000,1.98000,0.12035,0.00000,0.87965
33.21000,1.98000,0.04367,0.00000,0.95632
33.41000,1.98000,0.06319,0.00004,0.93676
33.61000,1.98000,0.05025,0.00164,0.94810
33.81000,1.98000,0.03535,0.00439,0.96026
34.01000,1.98000,0.02229,0.00103,0.97668
34.21000,1.98000,0.02357,0.00113,0.97529
34.41000,1.98000,0.08832,0.00777,0.90391
34.61000,1.98000,0.10551,0.04256,0.85193
34.81000,1.98000,0.08389,0.01941,0.89670
35.01000,1.98000,0.08752,0.01607,0.89640
35.21000,1.98000,0.14459,0.00881,0.84660
35.41000,1.98000,0.08321,0.00252,0.91427
35.61000,1.98000,0.05294,0.00282,0.94423
35.81000,1.98000,0.08887,0.00341,0.90771
36.01000,1.98000,0.08970,0.00091,0.90938
36.21000,1.98000,0.05394,0.00058,0.94548
36.41000,1.98000,0.02902,0.00034,0.97064
36.61000,1.98000,0.02538,0.00063,0.97400
36.81000,1.98000,0.03273,0.00066,0.96661
37.01000,1.98000,0.04842,0.00360,0.94798
37.21000,1.98000,0.11308,0.01751,0.86941
37.41000,1.98000,0.15149,0.01219,0.83633
37.61000,1.98000,0.13812,0.04123,0.82065
37.81000,1.98000,0.20125,0.07553,0.72322
38.01000,1.98000,0.13753,0.05833,0.80413
38.21000,1.98000,0.14715,0.09201,0.76084
38.41000,1.98000,0.17544,0.06320,0.76136
38.61000,1.98000,0.10844,0.01105,0.88051
38.81000,1.98000,0.07401,0.00225,0.92373
39.01000,1.98000,0.05650,0.00041,0.94309
39.21000,1.98000,0.05948,0.00012,0.94040
39.41000,1.98000,0.05715,0.00004,0.94281
39.61000,1.98000,0.08580,0.00031,0.91389
39.81000,1.98000,0.05608,0.00004,0.94388
40.01000,1.98000,0.05049,0.00002,0.94948
40.21000,1.98000,0.02893,0.00001,0.97106
40.41000,1.98000,0.03923,0.00008,0.96069
40.61000,1.98000,0.04618,0.00004,0.95378
40.81000,1.98000,0.05635,0.00011,0.94354
41.01000,1.98000,0.03855,0.00059,0.96086
41.21000,1.98000,0.04029,0.00010,0.95962
41.41000,1.98000,0.03188,0.00006,0.96806
41.61000,1.98000,0.03549,0.00004,0.96447
41.81000,1.98000,0.03106,0.00001,0.96893
42.01000,1.98000,0.01985,0.00001,0.98014
42.21000,1.98000,0.03436,0.00001,0.96563
42.41000,1.98000,0.02668,0.00000,0.97332
42.61000,1.98000,0.04359,0.00000,0.95640
42.81000,1.98000,0.05024,0.00000,0.94976
43.01000,1.98000,0.05529,0.00000,0.94470
43.21000,1.98000,0.08519,0.00001,0.91480
43.41000,1.98000,0.10470,0.00004,0.89525
43.61000,1.98000,0.11700,0.00020,0.88280
43.81000,1.98000,0.16645,0.00017,0.83338
44.01000,1.98000,0.15839,0.00019,0.84141
44.21000,1.98000,0.14840,0.00027,0.85133
44.41000,1.98000,0.15826,0.00124,0.84050
44.61000,1.98000,0.12381,0.00057,0.87562
44.81000,1.98000,0.19163,0.00240,0.80597
45.01000,1.98000,0.13744,0.00149,0.86107
45.21000,1.98000,0.09844,0.00078,0.90078
45.41000,1.98000,0.11602,0.00068,0.88330
45.61000,1.98000,0.08735,0.00034,0.91231
45.81000,1.98000,0.10528,0.00050,0.89422
46.01000,1.98000,0.21670,0.00409,0.77921
46.21000,1.98000,0.19437,0.00383,0.80180
46.41000,1.98000,0.20079,0.00625,0.79296
46.61000,1.98000,0.20304,0.00816,0.78879
46.81000,1.98000,0.22673,0.01853,0.75474
47.01000,1.98000,0.19790,0.00811,0.79399
47.21000,1.98000,0.25827,0.04815,0.69359
47.41000,1.98000,0.21829,0.03824,0.74347
47.61000,1.98000,0.21440,0.11851,0.66708
47.81000,1.98000,0.18297,0.09109,0.72595
48.01000,1.98000,0.17926,0.08104,0.73969
48.21000,1.98000,0.17741,0.06589,0.75669
48.41000,1.98000,0.19987,0.03704,0.76308
48.61000,1.98000,0.11454,0.00125,0.88421
48.81000,1.98000,0.13453,0.01059,0.85488
49.01000,1.98000,0.08521,0.00956,0.90523
49.21000,1.98000,0.11262,0.01162,0.87575
49.41000,1.98000,0.10169,0.00361,0.89470
49.61000,1.98000,0.10346,0.00408,0.89245
49.81000,1.98000,0.07899,0.00183,0.91918
50.01000,1.98000,0.06631,0.00095,0.93274
50.21000,1.98000,0.07608,0.00170,0.92222
50.41000,1.98000,0.08327,0.00879,0.90794
50.61000,1.98000,0.12156,0.00790,0.87053
50.81000,1.98000,0.11067,0.00005,0.88928
51.01000,1.98000,0.06368,0.00000,0.93632
51.21000,1.98000,0.07407,0.00000,0.92593
51.41000,1.98000,0.06433,0.00000,0.93567
51.61000,1.98000,0.04863,0.00000,0.95137
51.81000,1.98000,0.08237,0.00000,0.91763
52.01000,1.98000,0.05013,0.00000,0.94987
52.21000,1.98000,0.05273,0.00000,0.94727
52.41000,1.98000,0.05518,0.00000,0.94482
52.61000,1.98000,0.11874,0.00000,0.88126
52.81000,1.98000,0.09701,0.00000,0.90299
53.01000,1.98000,0.13672,0.00001,0.86328
53.21000,1.98000,0.11548,0.00000,0.88452
53.41000,1.98000,0.12436,0.00001,0.87563
53.61000,1.98000,0.12640,0.00006,0.87354
53.81000,1.98000,0.06004,0.00001,0.93995
54.01000,1.98000,0.06917,0.00000,0.93082
54.21000,1.98000,0.06040,0.00001,0.93960
54.41000,1.98000,0.07241,0.00001,0.92757
54.61000,1.98000,0.03825,0.00001,0.96174
54.81000,1.98000,0.06160,0.00002,0.93837
55.01000,1.98000,0.02000,0.00002,0.97997
55.21000,1.98000,0.01942,0.00005,0.98053
55.41000,1.98000,0.01650,0.00025,0.98325
55.61000,1.98000,0.02941,0.00024,0.97035
55.81000,1.98000,0.00750,0.00108,0.99142
56.01000,1.98000,0.01015,0.00091,0.98894
56.21000,1.98000,0.00539,0.00016,0.99446
56.41000,1.98000,0.00241,0.00004,0.99754
56.61000,1.98000,0.00227,0.00003,0.99770
56.81000,1.98000,0.00398,0.00004,0.99598
57.01000,1.98000,0.00673,0.00003,0.99324
57.21000,1.98000,0.00815,0.00005,0.99180
57.41000,1.98000,0.00700,0.00005,0.99295
57.61000,1.98000,0.02622,0.00002,0.97376
57.81000,1.98000,0.02988,0.00003,0.97009
58.01000,1.98000,0.05655,0.00003,0.94343
58.21000,1.98000,0.10853,0.00004,0.89143
58.41000,1.98000,0.19935,0.00060,0.80005
58.61000,1.98000,0.20665,0.00038,0.79297
58.81000,1.98000,0.26805,0.00071,0.73124
59.01000,1.98000,0.26780,0.00156,0.73064
59.21000,1.98000,0.49186,0.00379,0.50436
59.41000,1.98000,0.44145,0.00905,0.54950
59.61000,1.98000,0.36841,0.00127,0.63032
59.81000,1.98000,0.31664,0.00133,0.68202
60.01000,1.98000,0.25072,0.00148,0.74781
60.21000,1.98000,0.29249,0.00081,0.70670
60.41000,1.98000,0.24390,0.00306,0.75304
60.61000,1.98000,0.33185,0.00386,0.66429
60.81000,1.98000,0.32084,0.00687,0.67229
61.01000,1.98000,0.25940,0.00481,0.73579
61.21000,1.98000,0.11487,0.00154,0.88359
61.41000,1.98000,0.22980,0.20600,0.56420
61.61000,1.98000,0.20135,0.17601,0.62264
61.81000,1.98000,0.11646,0.10176,0.78178
62.01000,1.98000,0.09228,0.39791,0.50982
62.21000,1.98000,0.20058,0.47522,0.32420
62.41000,1.98000,0.16075,0.32750,0.51174
62.61000,1.98000,0.20700,0.51268,0.28032
62.81000,1.98000,0.29757,0.32348,0.37895
63.01000,1.98000,0.21718,0.10920,0.67362
63.21000,1.98000,0.19411,0.07363,0.73226
63.41000,1.98000,0.33262,0.16145,0.50592
63.61000,1.98000,0.27286,0.02028,0.70686
63.81000,1.98000,0.42061,0.04215,0.53724
64.01000,1.98000,0.29510,0.00767,0.69722
64.21000,1.98000,0.19392,0.00397,0.80211
64.41000,1.98000,0.12350,0.00251,0.87399
64.61000,1.98000,0.10155,0.00086,0.89759
64.81000,1.98000,0.07418,0.00014,0.92567
65.01000,1.98000,0.05695,0.00005,0.94300
65.21000,1.98000,0.03791,0.00004,0.96206
65.41000,1.98000,0.05159,0.00002,0.94839
65.61000,1.98000,0.03024,0.00001,0.96975
65.81000,1.98000,0.04413,0.00004,0.95583
66.01000,1.98000,0.03386,0.00002,0.96612
66.21000,1.98000,0.02935,0.00001,0.97064
66.41000,1.98000,0.03875,0.00003,0.96122
66.61000,1.98000,0.03565,0.00007,0.96428
66.81000,1.98000,0.07201,0.00034,0.92765
67.01000,1.98000,0.06837,0.00021,0.93142
67.21000,1.98000,0.08164,0.00020,0.91816
67.41000,1.98000,0.10339,0.00072,0.89588
67.61000,1.98000,0.11613,0.00117,0.88270
67.81000,1.98000,0.09111,0.00066,0.90823
68.01000,1.98000,0.06880,0.00030,0.93090
68.21000,1.98000,0.08139,0.00100,0.91761
68.41000,1.98000,0.08088,0.00051,0.91861
68.61000,1.98000,0.08192,0.00038,0.91770
68.81000,1.98000,0.05065,0.00008,0.94927
69.01000,1.98000,0.04058,0.00030,0.95911
69.21000,1.98000,0.05253,0.00068,0.94679
69.41000,1.98000,0.02393,0.00005,0.97602
69.61000,1.98000,0.02452,0.00005,0.97544
69.81000,1.98000,0.05096,0.00021,0.94883
70.01000,1.98000,0.03718,0.00013,0.96269
70.21000,1.98000,0.03033,0.00006,0.96961
70.41000,1.98000,0.04347,0.00018,0.95635
70.61000,1.98000,0.03691,0.00016,0.96293
70.81000,1.98000,0.04208,0.00052,0.95740
71.01000,1.98000,0.05188,0.00017,0.94795
71.21000,1.98000,0.04062,0.00018,0.95920
71.41000,1.98000,0.04752,0.00028,0.95220
71.61000,1.98000,0.03790,0.00015,0.96196
71.81000,1.98000,0.02977,0.00001,0.97023
72.01000,1.98000,0.05360,0.00000,0.94640
72.21000,1.98000,0.07932,0.00000,0.92068
72.41000,1.98000,0.05585,0.00000,0.94415
72.61000,1.98000,0.06610,0.00000,0.93390
72.81000,1.98000,0.09925,0.00000,0.90075
73.01000,1.98000,0.08309,0.00000,0.91691
73.21000,1.98000,0.08283,0.00001,0.91717
73.41000,1.98000,0.09140,0.00001,0.90859
73.61000,1.98000,0.14325,0.00007,0.85667
73.81000,1.98000,0.10259,0.00038,0.89703
74.01000,1.98000,0.09468,0.00177,0.90354
74.21000,1.98000,0.09642,0.00276,0.90082
74.41000,1.98000,0.14049,0.01005,0.84946
74.61000,1.98000,0.12722,0.01076,0.86202
74.81000,1.98000,0.15801,0.01124,0.83075
75.01000,1.98000,0.17499,0.00425,0.82077
75.21000,1.98000,0.21893,0.01351,0.76756
75.41000,1.98000,0.24191,0.01711,0.74098
75.61000,1.98000,0.22037,0.00155,0.77808
75.81000,1.98000,0.22959,0.00721,0.76320
76.01000,1.98000,0.22723,0.00839,0.76439
76.21000,1.98000,0.24039,0.00636,0.75325
76.41000,1.98000,0.24830,0.00898,0.74272
76.61000,1.98000,0.28842,0.01576,0.69581
76.81000,1.98000,0.26023,0.01490,0.72488
77.01000,1.98000,0.37305,0.03138,0.59557
77.21000,1.98000,0.40026,0.02546,0.57428
77.41000,1.98000,0.34496,0.01256,0.64248
77.61000,1.98000,0.24188,0.10081,0.65731
77.81000,1.98000,0.29048,0.11661,0.59292
78.01000,1.98000,0.27097,0.02174,0.70729
78.21000,1.98000,0.19949,0.02770,0.77281
78.41000,1.98000,0.13784,0.01299,0.84918
78.61000,1.98000,0.14912,0.00698,0.84390
78.81000,1.98000,0.07832,0.00149,0.92019
79.01000,1.98000,0.04517,0.00107,0.95376
79.21000,1.98000,0.08112,0.00238,0.91651
79.41000,1.98000,0.04844,0.00094,0.95062
79.61000,1.98000,0.05431,0.00077,0.94493
79.81000,1.98000,0.05521,0.00189,0.94290
80.01000,1.98000,0.05146,0.00240,0.94615
80.21000,1.98000,0.03772,0.00253,0.95975
80.41000,1.98000,0.06673,0.01364,0.91963
80.61000,1.98000,0.03633,0.00467,0.95901
80.81000,1.98000,0.04792,0.00271,0.94937
81.01000,1.98000,0.04578,0.00309,0.95113
81.21000,1.98000,0.04601,0.00074,0.95324
81.41000,1.98000,0.05961,0.00018,0.94021
81.61000,1.98000,0.04147,0.00001,0.95852
81.81000,1.98000,0.05674,0.00001,0.94326
82.01000,1.98000,0.07206,0.00001,0.92793
82.21000,1.98000,0.06834,0.00001,0.93165
82.41000,1.98000,0.10143,0.00001,0.89856
82.61000,1.98000,0.11191,0.00002,0.88807
82.81000,1.98000,0.08089,0.00001,0.91910
83.01000,1.98000,0.08565,0.00004,0.91430
83.21000,1.98000,0.15071,0.00052,0.84878
83.41000,1.98000,0.08044,0.00020,0.91936
83.61000,1.98000,0.07995,0.00052,0.91952
83.81000,1.98000,0.11835,0.00123,0.88041
84.01000,1.98000,0.11082,0.00076,0.88842
84.21000,1.98000,0.12164,0.00091,0.87745
84.41000,1.98000,0.15130,0.00259,0.84611
84.61000,1.98000,0.20234,0.00392,0.79373
84.81000,1.98000,0.36428,0.01620,0.61952
85.01000,1.98000,0.24091,0.00431,0.75478
85.21000,1.98000,0.25968,0.00458,0.73573
85.41000,1.98000,0.28988,0.01363,0.69650
85.61000,1.98000,0.30167,0.03326,0.66506
85.81000,1.98000,0.31500,0.05132,0.63368
86.01000,1.98000,0.27988,0.05114,0.66898
86.21000,1.98000,0.24707,0.03781,0.71511
86.41000,1.98000,0.28368,0.03036,0.68596
86.61000,1.98000,0.16545,0.00170,0.83285
86.81000,1.98000,0.18293,0.00310,0.81396
87.01000,1.98000,0.14171,0.00374,0.85455
87.21000,1.98000,0.19630,0.03268,0.77102
87.41000,1.98000,0.19737,0.08313,0.71950
87.61000,1.98000,0.21440,0.09787,0.68773
87.81000,1.98000,0.16593,0.00516,0.82891
88.01000,1.98000,0.20253,0.00176,0.79571
88.21000,1.98000,0.20999,0.00066,0.78935
88.41000,1.98000,0.14774,0.00079,0.85147
88.61000,1.98000,0.18450,0.00029,0.81521
88.81000,1.98000,0.12066,0.00030,0.87904
89.01000,1.98000,0.15565,0.00003,0.84433
89.21000,1.98000,0.16640,0.00002,0.83358
89.41000,1.98000,0.16473,0.00000,0.83527
89.61000,1.98000,0.15543,0.00000,0.84457
89.81000,1.98000,0.14230,0.00000,0.85770
90.01000,1.98000,0.17045,0.00000,0.82955
90.21000,1.98000,0.16053,0.00000,0.83947
90.41000,1.98000,0.21915,0.00000,0.78085
90.61000,1.98000,0.15788,0.00000,0.84212
90.81000,1.98000,0.28277,0.00000,0.71723
91.01000,1.98000,0.15888,0.00000,0.84112
91.21000,1.98000,0.20387,0.00004,0.79609
91.41000,1.98000,0.14885,0.00005,0.85110
91.61000,1.98000,0.10459,0.00078,0.89463
91.81000,1.98000,0.11033,0.00114,0.88853
92.01000,1.98000,0.08295,0.00343,0.91361
92.21000,1.98000,0.07540,0.00713,0.91748
92.41000,1.98000,0.07161,0.01737,0.91102
92.61000,1.98000,0.05788,0.00855,0.93357
92.81000,1.98000,0.08380,0.00169,0.91451
93.01000,1.98000,0.11206,0.00157,0.88637
93.21000,1.98000,0.10953,0.00064,0.88983
93.41000,1.98000,0.11925,0.00014,0.88060
93.61000,1.98000,0.12995,0.00002,0.87003
93.81000,1.98000,0.13962,0.00000,0.86037
94.01000,1.98000,0.11033,0.00001,0.88967
94.21000,1.98000,0.11402,0.00000,0.88598
94.41000,1.98000,0.04921,0.00000,0.95079
94.61000,1.98000,0.03281,0.00000,0.96719
94.81000,1.98000,0.02984,0.00000,0.97016
95.01000,1.98000,0.01914,0.00000,0.98086
95.21000,1.98000,0.02996,0.00000,0.97004
95.41000,1.98000,0.02858,0.00000,0.97142
95.61000,1.98000,0.03545,0.00007,0.96448
95.81000,1.98000,0.06030,0.00003,0.93967
96.01000,1.98000,0.04221,0.00001,0.95777
96.21000,1.98000,0.05069,0.00009,0.94922
96.41000,1.98000,0.05503,0.00003,0.94494
96.61000,1.98000,0.04583,0.00008,0.95409
96.81000,1.98000,0.05657,0.00013,0.94330
97.01000,1.98000,0.00474,0.00001,0.99525
97.21000,1.98000,0.00696,0.00001,0.99303
97.41000,1.98000,0.00625,0.00000,0.99374
97.61000,1.98000,0.00106,0.00000,0.99894
97.81000,1.98000,0.00177,0.00000,0.99823
98.01000,1.98000,0.00214,0.00000,0.99786
98.21000,1.98000,0.00493,0.00000,0.99506
98.41000,1.98000,0.00509,0.00001,0.99491
98.61000,1.98000,0.00276,0.00000,0.99724
98.81000,1.98000,0.04562,0.00000,0.95438
99.01000,1.98000,0.04584,0.00000,0.95416
99.21000,1.98000,0.06633,0.00001,0.93367
99.41000,1.98000,0.10740,0.00001,0.89259
99.61000,1.98000,0.10480,0.00018,0.89502
99.81000,1.98000,0.11612,0.00015,0.88373
100.01000,1.98000,0.05188,0.00027,0.94785
100.21000,1.98000,0.05174,0.00020,0.94806
100.41000,1.98000,0.02711,0.00017,0.97272
100.61000,1.98000,0.04089,0.00175,0.95735
100.81000,1.98000,0.01004,0.01746,0.97250
101.01000,1.98000,0.01175,0.00925,0.97900
101.21000,1.98000,0.00851,0.00790,0.98359
101.41000,1.98000,0.01078,0.00992,0.97930
101.61000,1.98000,0.01553,0.01665,0.96782
101.81000,1.98000,0.03855,0.02633,0.93511
102.01000,1.98000,0.02718,0.04018,0.93264
102.21000,1.98000,0.05761,0.08078,0.86160
102.41000,1.98000,0.06083,0.21047,0.72871
102.61000,1.98000,0.07811,0.22848,0.69341
102.81000,1.98000,0.06150,0.27274,0.66576
103.01000,1.98000,0.07068,0.21949,0.70983
103.21000,1.98000,0.01518,0.13413,0.85069
103.41000,1.98000,0.01535,0.09123,0.89342
103.61000,1.98000,0.00618,0.03034,0.96348
103.81000,1.98000,0.00478,0.03464,0.96058
104.01000,1.98000,0.00379,0.01016,0.98605
104.21000,1.98000,0.00234,0.00890,0.98877
104.41000,1.98000,0.00177,0.00685,0.99138
104.61000,1.98000,0.00084,0.00785,0.99130
104.81000,1.98000,0.00060,0.01435,0.98505
105.01000,1.98000,0.00495,0.03891,0.95614
105.21000,1.98000,0.02518,0.12069,0.85413
105.41000,1.98000,0.01183,0.02389,0.96428
105.61000,1.98000,0.01221,0.03659,0.95120
105.81000,1.98000,0.01099,0.03043,0.95858
106.01000,1.98000,0.01336,0.01318,0.97347
106.21000,1.98000,0.02025,0.01134,0.96840
106.41000,1.98000,0.02927,0.00641,0.96432
106.61000,1.98000,0.05975,0.00192,0.93833
106.81000,1.98000,0.04361,0.00169,0.95470
107.01000,1.98000,0.02469,0.00096,0.97435
107.21000,1.98000,0.02567,0.00326,0.97107
107.41000,1.98000,0.04350,0.00531,0.95119
107.61000,1.98000,0.05983,0.00413,0.93604
107.81000,1.98000,0.21954,0.12060,0.65986
108.01000,1.98000,0.16374,0.09117,0.74510
108.21000,1.98000,0.19595,0.24593,0.55812
108.41000,1.98000,0.18763,0.06699,0.74537
108.61000,1.98000,0.30477,0.06431,0.63092
108.81000,1.98000,0.35788,0.06386,0.57826
109.01000,1.98000,0.41120,0.09430,0.49450
109.21000,1.98000,0.47441,0.09944,0.42616
109.41000,1.98000,0.57014,0.12538,0.30448
109.61000,1.98000,0.45507,0.02879,0.51614
109.81000,1.98000,0.25889,0.01621,0.72490
110.01000,1.98000,0.33054,0.01774,0.65172
110.21000,1.98000,0.29243,0.04760,0.65997
110.41000,1.98000,0.18670,0.32298,0.49032
110.61000,1.98000,0.08017,0.26877,0.65106
110.81000,1.98000,0.09060,0.65534,0.25405
111.01000,1.98000,0.09114,0.56797,0.34088
111.21000,1.98000,0.09060,0.59130,0.31810
111.41000,1.98000,0.04676,0.85024,0.10300
111.61000,1.98000,0.06609,0.87264,0.06127
111.81000,1.98000,0.07483,0.83367,0.09150
112.01000,1.98000,0.14525,0.69393,0.16083
112.21000,1.98000,0.19197,0.72225,0.08578
112.41000,1.98000,0.29989,0.60600,0.09411
112.61000,1.98000,0.47950,0.38371,0.13680
112.81000,1.98000,0.51067,0.36041,0.12892
113.01000,1.98000,0.48849,0.39810,0.11341
113.21000,1.98000,0.49352,0.37565,0.13083
113.41000,1.98000,0.56889,0.31973,0.11138
113.61000,1.98000,0.49521,0.16169,0.34310
113.81000,1.98000,0.71131,0.14937,0.13932
114.01000,1.98000,0.46431,0.20691,0.32878
114.21000,1.98000,0.42782,0.18421,0.38797
114.41000,1.98000,0.44948,0.26873,0.28179
114.61000,1.98000,0.46920,0.31386,0.21695
114.81000,1.98000,0.46538,0.35500,0.17962
115.01000,1.98000,0.46003,0.38301,0.15696
115.21000,1.98000,0.50425,0.34582,0.14993
115.41000,1.98000,0.42073,0.42157,0.15770
115.61000,1.98000,0.22740,0.70510,0.06750
115.81000,1.98000,0.24896,0.65476,0.09628
116.01000,1.98000,0.24892,0.69396,0.05712
116.21000,1.98000,0.22925,0.72419,0.04656
116.41000,1.98000,0.17026,0.77526,0.05448
116.61000,1.98000,0.17945,0.73800,0.08255
116.81000,1.98000,0.21623,0.54189,0.24188
117.01000,1.98000,0.27388,0.37941,0.34672
117.21000,1.98000,0.30393,0.38501,0.31106
117.41000,1.98000,0.31456,0.32177,0.36367
117.61000,1.98000,0.31473,0.30952,0.37575
117.81000,1.98000,0.24303,0.32064,0.43633
118.01000,1.98000,0.16745,0.21196,0.62059
118.21000,1.98000,0.17144,0.10744,0.72112
118.41000,1.98000,0.10163,0.06054,0.83783
118.61000,1.98000,0.08812,0.06532,0.84656
118.81000,1.98000,0.05996,0.07874,0.86131
119.01000,1.98000,0.02524,0.05228,0.92248
119.21000,1.98000,0.01186,0.03182,0.95632
119.41000,1.98000,0.01544,0.02943,0.95512
119.61000,1.98000,0.01186,0.01323,0.97491
119.81000,1.98000,0.00324,0.00570,0.99105
120.01000,1.98000,0.00283,0.00806,0.98911
120.21000,1.98000,0.00457,0.00822,0.98721
120.41000,1.98000,0.00553,0.01106,0.98341
120.61000,1.98000,0.00539,0.01429,0.98032
120.81000,1.98000,0.00998,0.01766,0.97236
121.01000,1.98000,0.01349,0.00826,0.97824
121.21000,1.98000,0.01476,0.01907,0.96617
121.41000,1.98000,0.00936,0.04541,0.94524
121.61000,1.98000,0.01622,0.05406,0.92973
121.81000,1.98000,0.03242,0.08774,0.87985
122.01000,1.98000,0.02660,0.12478,0.84862
122.21000,1.98000,0.02894,0.17719,0.79386
122.41000,1.98000,0.01550,0.13488,0.84962
122.61000,1.98000,0.01710,0.16058,0.82232
122.81000,1.98000,0.01068,0.05919,0.93013
123.01000,1.98000,0.00462,0.04506,0.95033
123.21000,1.98000,0.00474,0.04207,0.95320
123.41000,1.98000,0.00743,0.03842,0.95414
123.61000,1.98000,0.00568,0.06301,0.93132
123.81000,1.98000,0.00708,0.07627,0.91665
124.01000,1.98000,0.00754,0.04866,0.94380
124.21000,1.98000,0.00634,0.02436,0.96930
124.41000,1.98000,0.00277,0.01948,0.97774
124.61000,1.98000,0.00138,0.08651,0.91211
124.81000,1.98000,0.00634,0.16843,0.82523
125.01000,1.98000,0.01006,0.09235,0.89759
125.21000,1.98000,0.00840,0.04027,0.95132
125.41000,1.98000,0.01795,0.08230,0.89974
125.61000,1.98000,0.02029,0.07204,0.90767
125.81000,1.98000,0.02606,0.05587,0.91807
126.01000,1.98000,0.03936,0.12129,0.83935
126.21000,1.98000,0.10748,0.16570,0.72682
126.41000,1.98000,0.34264,0.20433,0.45303
126.61000,1.98000,0.36695,0.22794,0.40511
126.81000,1.98000,0.32604,0.27685,0.39711
127.01000,1.98000,0.29872,0.44065,0.26063
127.21000,1.98000,0.25304,0.54179,0.20517
127.41000,1.98000,0.47783,0.46628,0.05589
127.61000,1.98000,0.29240,0.57233,0.13526
127.81000,1.98000,0.23731,0.57215,0.19054
128.00999,1.98001,0.15525,0.52311,0.32164
128.21001,1.98000,0.12416,0.53073,0.34512
128.41000,1.98000,0.08698,0.53420,0.37882
128.61000,1.98000,0.03867,0.42860,0.53272
128.81000,1.98000,0.02124,0.30614,0.67261
129.00999,1.98001,0.02389,0.22571,0.75040
129.21001,1.98000,0.00898,0.05647,0.93455
129.41000,1.98000,0.00465,0.05640,0.93895
129.61000,1.98000,0.00263,0.02955,0.96781
129.81000,1.98000,0.00217,0.01421,0.98362
130.00999,1.98001,0.00413,0.02406,0.97181
130.21001,1.98000,0.00282,0.00479,0.99239
130.41000,1.98000,0.00193,0.00293,0.99514
130.61000,1.98000,0.00101,0.00234,0.99665
130.81000,1.98000,0.00030,0.00209,0.99761
131.00999,1.98001,0.00021,0.00262,0.99718
131.21001,1.98000,0.00023,0.00155,0.99822
131.41000,1.98000,0.00023,0.00152,0.99825
131.61000,1.98000,0.00024,0.00267,0.99709
131.81000,1.98000,0.00095,0.00317,0.99588
132.00999,1.98001,0.00934,0.01127,0.97939
132.21001,1.98000,0.01488,0.01362,0.97150
132.41000,1.98000,0.04075,0.00689,0.95236
132.61000,1.98000,0.03911,0.00343,0.95746
132.81000,1.98000,0.13535,0.00479,0.85985
133.00999,1.98001,0.08832,0.00551,0.90616
133.21001,1.98000,0.08671,0.00416,0.90912
133.41000,1.98000,0.13650,0.00303,0.86047
133.61000,1.98000,0.84791,0.00258,0.14951
133.81000,1.98000,0.98108,0.00074,0.01817
134.00999,1.98001,0.26261,0.00301,0.73438
134.21001,1.98000,0.07612,0.00581,0.91808
134.41000,1.98000,0.07540,0.00543,0.91918
134.61000,1.98000,0.26409,0.01359,0.72232
134.81000,1.98000,0.10792,0.00784,0.88424
135.00999,1.98001,0.09082,0.00530,0.90387
135.21001,1.98000,0.11311,0.00903,0.87786
135.41000,1.98000,0.38368,0.02016,0.59616
135.61000,1.98000,0.02394,0.00708,0.96897
135.81000,1.98000,0.00147,0.00460,0.99393
136.00999,1.98001,0.00101,0.00399,0.99500
136.21001,1.98000,0.00717,0.00485,0.98798
136.41000,1.98000,0.00523,0.00532,0.98945
136.61000,1.98000,0.00430,0.00552,0.99018
136.81000,1.98000,0.00713,0.01087,0.98200
137.00999,1.98001,0.01388,0.01838,0.96774
137.21001,1.98000,0.01462,0.00789,0.97748
137.41000,1.98000,0.01526,0.01251,0.97222
137.61000,1.98000,0.02198,0.01912,0.95891
137.81000,1.98000,0.09034,0.03129,0.87838
138.00999,1.98001,0.11072,0.04824,0.84104
138.21001,1.98000,0.07860,0.03313,0.88827
138.41000,1.98000,0.12833,0.05268,0.81899
138.61000,1.98000,0.11687,0.04594,0.83719
138.81000,1.98000,0.33488,0.07298,0.59213
139.00999,1.98001,0.47344,0.07666,0.44990
139.21001,1.98000,0.45415,0.07812,0.46773
139.41000,1.98000,0.42244,0.05200,0.52556
139.61000,1.98000,0.28125,0.04501,0.67374
139.81000,1.98000,0.28012,0.03037,0.68951
140.00999,1.98001,0.37450,0.07478,0.55072
140.21001,1.98000,0.43388,0.08331,0.48281
140.41000,1.98000,0.44126,0.09416,0.46458
140.61000,1.98000,0.66140,0.10778,0.23083
140.81000,1.98000,0.69642,0.09869,0.20490
141.00999,1.98001,0.35685,0.13332,0.50983
141.21001,1.98000,0.30298,0.14633,0.55069
141.41000,1.98000,0.25629,0.17738,0.56633
141.61000,1.98000,0.26376,0.11851,0.61774
141.81000,1.98000,0.45171,0.15441,0.39388
142.00999,1.98001,0.38534,0.23445,0.38020
142.21001,1.98000,0.29192,0.17935,0.52873
142.41000,1.98000,0.35058,0.14332,0.50610
142.61000,1.98000,0.51363,0.13405,0.35232
142.81000,1.98000,0.16958,0.12936,0.70106
143.00999,1.98001,0.12520,0.12446,0.75034
143.21001,1.98000,0.16316,0.21243,0.62441
143.41000,1.98000,0.25690,0.38038,0.36272
143.61000,1.98000,0.13381,0.24985,0.61634
143.81000,1.98000,0.07193,0.05290,0.87518
144.00999,1.98001,0.02226,0.02801,0.94973
144.21001,1.98000,0.00348,0.01799,0.97853
144.41000,1.98000,0.00058,0.00385,0.99557
144.61000,1.98000,0.00066,0.00164,0.99770
144.81000,1.98000,0.00068,0.00215,0.99716
145.00999,1.98001,0.00059,0.00179,0.99762
145.21001,1.98000,0.00036,0.00111,0.99853
145.41000,1.98000,0.00043,0.00219,0.99739
145.61000,1.98000,0.00010,0.00230,0.99760
145.81000,1.98000,0.00005,0.00092,0.99902
146.00999,1.98001,0.00043,0.00088,0.99869
146.21001,1.98000,0.00169,0.00154,0.99677
146.41000,1.98000,0.00124,0.00517,0.99358
146.61000,1.98000,0.00162,0.00291,0.99548
146.81000,1.98000,0.00594,0.00548,0.98858
147.00999,1.98001,0.00952,0.01599,0.97450
147.21001,1.98000,0.00317,0.00508,0.99175
147.41000,1.98000,0.00411,0.00156,0.99433
147.61000,1.98000,0.01856,0.00097,0.98047
147.81000,1.98000,0.01154,0.00240,0.98606
148.00999,1.98001,0.01144,0.00304,0.98552
148.21001,1.98000,0.01499,0.00307,0.98194
148.41000,1.98000,0.01921,0.02592,0.95487
148.61000,1.98000,0.04479,0.03841,0.91680
148.81000,1.98000,0.01241,0.00945,0.97814
149.00999,1.98001,0.00624,0.01452,0.97924
149.21001,1.98000,0.01261,0.01493,0.97246
149.41000,1.98000,0.00611,0.00998,0.98391
149.61000,1.98000,0.01965,0.01037,0.96999
149.81000,1.98000,0.02404,0.00245,0.97351
150.00999,1.98001,0.03467,0.00165,0.96368
150.21001,1.98000,0.03790,0.00035,0.96175
150.41000,1.98000,0.04638,0.00057,0.95305
150.61000,1.98000,0.05637,0.00066,0.94297
150.81000,1.98000,0.14518,0.00120,0.85361
151.00999,1.98001,0.21425,0.00191,0.78385
151.21001,1.98000,0.24302,0.00301,0.75398
151.41000,1.98000,0.32324,0.08702,0.58974
151.61000,1.98000,0.24333,0.04794,0.70873
151.81000,1.98000,0.26315,0.22092,0.51593
152.00999,1.98001,0.20057,0.23457,0.56486
152.21001,1.98000,0.24639,0.27423,0.47938
152.41000,1.98000,0.25516,0.30552,0.43932
152.61000,1.98000,0.29036,0.49015,0.21950
152.81000,1.98000,0.30748,0.53865,0.15387
153.00999,1.98001,0.31725,0.51767,0.16508
153.21001,1.98000,0.47390,0.21645,0.30965
153.41000,1.98000,0.46795,0.22214,0.30991
153.61000,1.98000,0.50885,0.28567,0.20548
153.81000,1.98000,0.30519,0.49460,0.20021
154.00999,1.98001,0.38374,0.40612,0.21014
154.21001,1.98000,0.37905,0.34190,0.27905
154.41000,1.98000,0.38705,0.18661,0.42635
154.61000,1.98000,0.22102,0.05756,0.72141
154.81000,1.98000,0.06057,0.01119,0.92824
155.00999,1.98001,0.12580,0.06508,0.80912
155.21001,1.98000,0.29231,0.10449,0.60320
155.41000,1.98000,0.19591,0.11801,0.68608
155.61000,1.98000,0.36257,0.24589,0.39154
155.81000,1.98000,0.34572,0.53528,0.11900
156.00999,1.98001,0.47611,0.30484,0.21905
156.21001,1.98000,0.37693,0.54770,0.07537
156.41000,1.98000,0.29361,0.68612,0.02027
156.61000,1.98000,0.18010,0.81586,0.00404
156.81000,1.98000,0.22886,0.76627,0.00486
157.00999,1.98001,0.29932,0.69527,0.00541
157.21001,1.98000,0.26905,0.72302,0.00793
157.41000,1.98000,0.40200,0.56487,0.03313
157.61000,1.98000,0.47079,0.43541,0.09380
157.81000,1.98000,0.65541,0.20963,0.13496
158.00999,1.98001,0.47280,0.15466,0.37254
158.21001,1.98000,0.35288,0.09058,0.55654
158.41000,1.98000,0.21318,0.08280,0.70401
158.61000,1.98000,0.19269,0.07800,0.72931
158.81000,1.98000,0.22256,0.13430,0.64315
159.00999,1.98001,0.31063,0.43578,0.25359
159.21001,1.98000,0.35228,0.08987,0.55785
159.41000,1.98000,0.35494,0.02173,0.62333
159.61000,1.98000,0.36927,0.04546,0.58527
159.81000,1.98000,0.44952,0.08424,0.46624
160.00999,1.98001,0.39006,0.02466,0.58528
160.21001,1.98000,0.37201,0.00850,0.61949
160.41000,1.98000,0.38751,0.01445,0.59804
160.61000,1.98000,0.26400,0.00601,0.72999
160.81000,1.98000,0.15805,0.00089,0.84106
161.00999,1.98001,0.13541,0.00030,0.86428
161.21001,1.98000,0.12614,0.00369,0.87016
161.41000,1.98000,0.14587,0.00961,0.84452
161.61000,1.98000,0.22795,0.03234,0.73971
161.81000,1.98000,0.26600,0.04501,0.68899
162.00999,1.98001,0.26646,0.06255,0.67099
162.21001,1.98000,0.26511,0.04526,0.68963
162.41000,1.98000,0.23943,0.05195,0.70861
162.61000,1.98000,0.22606,0.05020,0.72374
162.81000,1.98000,0.15790,0.31393,0.52816
163.00999,1.98001,0.16741,0.25172,0.58087
163.21001,1.98000,0.23180,0.25417,0.51404
163.41000,1.98000,0.17893,0.07384,0.74723
163.61000,1.98000,0.09572,0.08570,0.81858
163.81000,1.98000,0.06058,0.11428,0.82515
164.00999,1.98001,0.06395,0.13142,0.80463
164.21001,1.98000,0.04484,0.10869,0.84647
164.41000,1.98000,0.01715,0.11075,0.87210
164.61000,1.98000,0.00982,0.08234,0.90784
164.81000,1.98000,0.00735,0.05482,0.93783
165.00999,1.98001,0.00755,0.10040,0.89204
165.21001,1.98000,0.00366,0.09663,0.89971
165.41000,1.98000,0.00268,0.07240,0.92492
165.61000,1.98000,0.00285,0.02419,0.97295
165.81000,1.98000,0.00268,0.01340,0.98392
166.00999,1.98001,0.00078,0.01070,0.98852
166.21001,1.98000,0.00089,0.00886,0.99025
166.41000,1.98000,0.00079,0.01224,0.98697
166.61000,1.98000,0.00160,0.01142,0.98698
166.81000,1.98000,0.00104,0.00860,0.99036
167.00999,1.98001,0.00088,0.00714,0.99198
167.21001,1.98000,0.00093,0.00696,0.99211
167.41000,1.98000,0.00111,0.02111,0.97778
167.61000,1.98000,0.00161,0.04499,0.95339
167.81000,1.98000,0.00350,0.01060,0.98591
168.00999,1.98001,0.01164,0.00898,0.97938
168.21001,1.98000,0.02076,0.01217,0.96707
168.41000,1.98000,0.02181,0.01612,0.96207
168.61000,1.98000,0.03795,0.03812,0.92393
168.81000,1.98000,0.04895,0.02920,0.92184
169.00999,1.98001,0.04850,0.02459,0.92691
169.21001,1.98000,0.05222,0.03419,0.91359
169.41000,1.98000,0.03403,0.01496,0.95102
169.61000,1.98000,0.02874,0.00816,0.96310
169.81000,1.98000,0.04931,0.11828,0.83241
170.00999,1.98001,0.05238,0.10673,0.84089
170.21001,1.98000,0.10008,0.12510,0.77482
170.41000,1.98000,0.15357,0.25923,0.58719
170.61000,1.98000,0.15162,0.33059,0.51780
170.81000,1.98000,0.17547,0.35406,0.47047
171.00999,1.98001,0.26595,0.36327,0.37078
171.21001,1.98000,0.24666,0.40921,0.34413
171.41000,1.98000,0.21758,0.45454,0.32789
171.61000,1.98000,0.13795,0.47513,0.38692
171.81000,1.98000,0.07044,0.74826,0.18130
172.00999,1.98001,0.10472,0.45686,0.43842
172.21001,1.98000,0.05925,0.12894,0.81181
172.41000,1.98000,0.02940,0.09737,0.87323
172.61000,1.98000,0.02940,0.12679,0.84381
172.81000,1.98000,0.03096,0.06935,0.89969
173.00999,1.98001,0.02263,0.04044,0.93692
173.21001,1.98000,0.02395,0.08684,0.88921
173.41000,1.98000,0.03823,0.09305,0.86872
173.61000,1.98000,0.06575,0.10623,0.82802
173.81000,1.98000,0.04605,0.09412,0.85983
174.00999,1.98001,0.10995,0.12494,0.76510
174.21001,1.98000,0.12400,0.11909,0.75691
174.41000,1.98000,0.12986,0.13227,0.73787
174.61000,1.98000,0.12845,0.43282,0.43874
174.81000,1.98000,0.13713,0.17232,0.69054
175.00999,1.98001,0.16859,0.14414,0.68727
175.21001,1.98000,0.10985,0.19439,0.69576
175.41000,1.98000,0.09886,0.14735,0.75379
175.61000,1.98000,0.06201,0.19151,0.74648
175.81000,1.98000,0.03671,0.03815,0.92513
176.00999,1.98001,0.03382,0.00777,0.95841
176.21001,1.98000,0.03065,0.00789,0.96146
176.41000,1.98000,0.01695,0.00680,0.97625
176.61000,1.98000,0.00972,0.01596,0.97432
176.81000,1.98000,0.00610,0.01452,0.97937
177.00999,1.98001,0.01375,0.01128,0.97497
177.21001,1.98000,0.00844,0.00331,0.98825
177.41000,1.98000,0.00488,0.00340,0.99173
177.61000,1.98000,0.00452,0.00376,0.99171
177.81000,1.98000,0.00415,0.01538,0.98047
178.00999,1.98001,0.00428,0.04399,0.95173
178.21001,1.98000,0.00780,0.01405,0.97815
178.41000,1.98000,0.01296,0.01527,0.97176
178.61000,1.98000,0.00945,0.01290,0.97765
178.81000,1.98000,0.00664,0.01184,0.98152
179.00999,1.98001,0.00287,0.01291,0.98422
179.21001,1.98000,0.00528,0.00693,0.98778
179.41000,1.98000,0.00893,0.00838,0.98269
179.61000,1.98000,0.00634,0.00632,0.98734
179.81000,1.98000,0.01174,0.00267,0.98559
180.00999,1.98001,0.00949,0.00205,0.98846
180.21001,1.98000,0.00993,0.00027,0.98980
180.41000,1.98000,0.01427,0.00026,0.98547
180.61000,1.98000,0.02132,0.00019,0.97849
180.81000,1.98000,0.03082,0.00032,0.96886
181.00999,1.98001,0.03748,0.00086,0.96166
181.21001,1.98000,0.05375,0.00226,0.94399
181.41000,1.98000,0.03141,0.00091,0.96768
181.61000,1.98000,0.03650,0.00099,0.96251
181.81000,1.98000,0.03612,0.00031,0.96357
182.00999,1.98001,0.04331,0.00060,0.95609
182.21001,1.98000,0.06041,0.00017,0.93942
182.41000,1.98000,0.10894,0.00005,0.89101
182.61000,1.98000,0.17870,0.00001,0.82130
182.81000,1.98000,0.17398,0.00000,0.82602
183.00999,1.98001,0.26835,0.00000,0.73165
183.21001,1.98000,0.29912,0.00000,0.70088
183.41000,1.98000,0.24003,0.00000,0.75997
183.61000,1.98000,0.23076,0.00000,0.76924
183.81000,1.98000,0.23514,0.00000,0.76485
184.00999,1.98001,0.24540,0.00000,0.75460
184.21001,1.98000,0.25136,0.00000,0.74864
184.41000,1.98000,0.22445,0.00000,0.77555
184.61000,1.98000,0.16258,0.00000,0.83742
184.81000,1.98000,0.13828,0.00000,0.86172
185.00999,1.98001,0.15207,0.00000,0.84793
185.21001,1.98000,0.14479,0.00000,0.85521
185.41000,1.98000,0.26808,0.00000,0.73192
185.61000,1.98000,0.23928,0.00000,0.76072
185.81000,1.98000,0.30153,0.00000,0.69847
186.00999,1.98001,0.26509,0.00000,0.73491
186.21001,1.98000,0.22833,0.00000,0.77167
186.41000,1.98000,0.28894,0.00000,0.71106
186.61000,1.98000,0.22628,0.00000,0.77372
186.81000,1.98000,0.20281,0.00000,0.79719
187.00999,1.98001,0.17178,0.00000,0.82822
187.21001,1.98000,0.13456,0.00000,0.86544
187.41000,1.98000,0.11765,0.00000,0.88235
187.61000,1.98000,0.11880,0.00000,0.88120
187.81000,1.98000,0.06916,0.00000,0.93084
188.00999,1.98001,0.07353,0.00000,0.92647
188.21001,1.98000,0.09060,0.00000,0.90940
188.41000,1.98000,0.08528,0.00000,0.91472
188.61000,1.98000,0.11415,0.00000,0.88585
188.81000,1.98000,0.16048,0.00000,0.83952
189.00999,1.98001,0.17310,0.00000,0.82690
189.21001,1.98000,0.23240,0.00000,0.76760
189.41000,1.98000,0.19880,0.00000,0.80120
189.61000,1.98000,0.16093,0.00000,0.83907
189.81000,1.98000,0.25541,0.00000,0.74459
190.00999,1.98001,0.16099,0.00000,0.83901
190.21001,1.98000,0.17544,0.00000,0.82456
190.41000,1.98000,0.08738,0.00000,0.91262
190.61000,1.98000,0.08011,0.00000,0.91989
190.81000,1.98000,0.07675,0.00000,0.92325
191.00999,1.98001,0.08448,0.00000,0.91552
191.21001,1.98000,0.07970,0.00000,0.92030
191.41000,1.98000,0.07348,0.00006,0.92646
191.61000,1.98000,0.10869,0.00016,0.89115
191.81000,1.98000,0.09208,0.00010,0.90782
192.00999,1.98001,0.07434,0.00035,0.92531
192.21001,1.98000,0.08369,0.00008,0.91622
192.41000,1.98000,0.15832,0.00062,0.84106
192.61000,1.98000,0.14380,0.00002,0.85619
192.81000,1.98000,0.11383,0.00000,0.88617
193.00999,1.98001,0.10928,0.00000,0.89072
193.21001,1.98000,0.11852,0.00000,0.88148
193.41000,1.98000,0.14528,0.00000,0.85472
193.61000,1.98000,0.12492,0.00000,0.87508
193.81000,1.98000,0.16500,0.00000,0.83499
194.00999,1.98001,0.09087,0.00000,0.90913
194.21001,1.98000,0.09248,0.00000,0.90752
194.41000,1.98000,0.05390,0.00001,0.94609
194.61000,1.98000,0.08226,0.00003,0.91771
194.81000,1.98000,0.04455,0.00007,0.95538
195.00999,1.98001,0.05114,0.00005,0.94881
195.21001,1.98000,0.02920,0.00001,0.97079
195.41000,1.98000,0.03953,0.00000,0.96047
195.61000,1.98000,0.02909,0.00000,0.97091
195.81000,1.98000,0.02487,0.00000,0.97513
196.00999,1.98001,0.02322,0.00000,0.97678
196.21001,1.98000,0.02149,0.00000,0.97851
196.41000,1.98000,0.02141,0.00000,0.97859
196.61000,1.98000,0.02162,0.00000,0.97838
196.81000,1.98000,0.02216,0.00000,0.97784
197.00999,1.98001,0.02351,0.00000,0.97649
197.21001,1.98000,0.02101,0.00000,0.97899
197.41000,1.98000,0.02619,0.00000,0.97381
197.61000,1.98000,0.04428,0.00000,0.95572
197.81000,1.98000,0.05653,0.00000,0.94347
198.00999,1.98001,0.06752,0.00000,0.93248
198.21001,1.98000,0.07183,0.00000,0.92817
198.41000,1.98000,0.09681,0.00000,0.90319
198.61000,1.98000,0.09608,0.00000,0.90392
198.81000,1.98000,0.10521,0.00000,0.89479
199.00999,1.98001,0.13928,0.00000,0.86072
199.21001,1.98000,0.14137,0.00000,0.85863
199.41000,1.98000,0.15240,0.00000,0.84760
199.61000,1.98000,0.10252,0.00000,0.89748
199.81000,1.98000,0.08374,0.00000,0.91626
200.00999,1.98001,0.07166,0.00000,0.92834
200.21001,1.98000,0.06447,0.00000,0.93553
200.41000,1.98000,0.03628,0.00000,0.96372
200.61000,1.98000,0.02638,0.00000,0.97362
200.81000,1.98000,0.01582,0.00002,0.98416
201.00999,1.98001,0.02466,0.00041,0.97493
201.21001,1.98000,0.01767,0.00006,0.98227
201.41000,1.98000,0.01824,0.00015,0.98161
201.61000,1.98000,0.03555,0.00068,0.96377
201.81000,1.98000,0.04842,0.00123,0.95034
202.00999,1.98001,0.01846,0.00050,0.98104
202.21001,1.98000,0.04159,0.00034,0.95806
202.41000,1.98000,0.06512,0.00070,0.93418
202.61000,1.98000,0.05662,0.00011,0.94326
202.81000,1.98000,0.08321,0.00033,0.91646
203.00999,1.98001,0.10436,0.00149,0.89415
203.21001,1.98000,0.12558,0.00138,0.87304
203.41000,1.98000,0.08031,0.00054,0.91915
203.61000,1.98000,0.11938,0.00277,0.87785
203.81000,1.98000,0.15971,0.00096,0.83932
204.00999,1.98001,0.19199,0.00119,0.80682
204.21001,1.98000,0.16607,0.00037,0.83356
204.41000,1.98000,0.17213,0.00030,0.82757
204.61000,1.98000,0.18261,0.00026,0.81712
204.81000,1.98000,0.16936,0.00040,0.83024
205.00999,1.98001,0.18972,0.00039,0.80990
205.21001,1.98000,0.19354,0.00049,0.80597
205.41000,1.98000,0.23112,0.00075,0.76813
205.61000,1.98000,0.17112,0.00067,0.82821
205.81000,1.98000,0.23535,0.00301,0.76163
206.00999,1.98001,0.18091,0.00771,0.81139
206.21001,1.98000,0.21038,0.00175,0.78786
206.41000,1.98000,0.23086,0.00294,0.76620
206.61000,1.98000,0.18314,0.00030,0.81656
206.81000,1.98000,0.27797,0.00082,0.72121
207.00999,1.98001,0.21678,0.00069,0.78253
207.21001,1.98000,0.23589,0.00057,0.76354
207.41000,1.98000,0.24850,0.00023,0.75127
207.61000,1.98000,0.25105,0.00007,0.74888
207.81000,1.98000,0.28458,0.00011,0.71531
208.00999,1.98001,0.18954,0.00025,0.81022
208.21001,1.98000,0.25173,0.00211,0.74615
208.41000,1.98000,0.22010,0.01017,0.76973
208.61000,1.98000,0.16080,0.00498,0.83423
208.81000,1.98000,0.09920,0.00068,0.90012
209.00999,1.98001,0.04681,0.00037,0.95282
209.21001,1.98000,0.04569,0.00014,0.95417
209.41000,1.98000,0.07231,0.00118,0.92651
209.61000,1.98000,0.04764,0.00091,0.95144
209.81000,1.98000,0.08341,0.00169,0.91490
210.00999,1.98001,0.18729,0.00703,0.80568
210.21001,1.98000,0.13990,0.00642,0.85368
210.41000,1.98000,0.27988,0.00987,0.71025
210.61000,1.98000,0.24266,0.00900,0.74834
210.81000,1.98000,0.34622,0.01499,0.63879
211.00999,1.98001,0.40778,0.03895,0.55327
211.21001,1.98000,0.32751,0.01575,0.65674
211.41000,1.98000,0.28598,0.01732,0.69670
211.61000,1.98000,0.27776,0.00251,0.71973
211.81000,1.98000,0.14021,0.00074,0.85904
212.00999,1.98001,0.13440,0.00083,0.86477
212.21001,1.98000,0.18771,0.00138,0.81092
212.41000,1.98000,0.18849,0.00199,0.80952
212.61000,1.98000,0.22214,0.01605,0.76181
212.81000,1.98000,0.15131,0.01482,0.83387
213.00999,1.98001,0.12313,0.01743,0.85944
213.21001,1.98000,0.16714,0.02129,0.81157
213.41000,1.98000,0.13813,0.11768,0.74418
213.61000,1.98000,0.12643,0.22821,0.64536
213.81000,1.98000,0.12139,0.17295,0.70566
214.00999,1.98001,0.13499,0.02380,0.84122
214.21001,1.98000,0.10769,0.02105,0.87125
214.41000,1.98000,0.11951,0.02318,0.85730
214.61000,1.98000,0.17377,0.03045,0.79578
214.81000,1.98000,0.20669,0.02113,0.77218
215.00999,1.98001,0.20777,0.01910,0.77313
215.21001,1.98000,0.43261,0.04702,0.52037
215.41000,1.98000,0.34819,0.03888,0.61293
215.61000,1.98000,0.38092,0.07270,0.54638
215.81000,1.98000,0.36517,0.22387,0.41096
216.00999,1.98001,0.39872,0.15174,0.44954
216.21001,1.98000,0.39841,0.08347,0.51812
216.41000,1.98000,0.40294,0.07019,0.52687
216.61000,1.98000,0.32051,0.07297,0.60651
216.81000,1.98000,0.33707,0.02034,0.64260
217.00999,1.98001,0.32669,0.01843,0.65488
217.21001,1.98000,0.16971,0.00565,0.82463
217.41000,1.98000,0.13466,0.00354,0.86180
217.61000,1.98000,0.06952,0.00738,0.92310
217.81000,1.98000,0.09260,0.01698,0.89042
218.00999,1.98001,0.07296,0.03617,0.89087
218.21001,1.98000,0.04720,0.03466,0.91814
218.41000,1.98000,0.03586,0.01967,0.94447
218.61000,1.98000,0.06028,0.02910,0.91062
218.81000,1.98000,0.11960,0.31173,0.56867
219.00999,1.98001,0.07140,0.13917,0.78943
219.21001,1.98000,0.10192,0.04136,0.85672
219.41000,1.98000,0.17510,0.00951,0.81539
219.61000,1.98000,0.12469,0.00090,0.87440
219.81000,1.98000,0.10016,0.00012,0.89973
220.00999,1.98001,0.20090,0.00011,0.79899
220.21001,1.98000,0.36613,0.00003,0.63384
220.41000,1.98000,0.44520,0.00001,0.55479
220.61000,1.98000,0.28212,0.00000,0.71788
220.81000,1.98000,0.17430,0.00001,0.82569
221.00999,1.98001,0.14287,0.00002,0.85711
221.21001,1.98000,0.09414,0.00003,0.90583
221.41000,1.98000,0.17392,0.00013,0.82595
221.61000,1.98000,0.18284,0.00066,0.81650
221.81000,1.98000,0.14748,0.00362,0.84890
222.00999,1.98001,0.18033,0.05477,0.76491
222.21001,1.98000,0.17363,0.17595,0.65042
222.41000,1.98000,0.14533,0.32907,0.52559
222.61000,1.98000,0.07544,0.48225,0.44231
222.81000,1.98000,0.13274,0.55242,0.31484
223.00999,1.98001,0.10020,0.63140,0.26841
223.21001,1.98000,0.07785,0.48479,0.43736
223.41000,1.98000,0.01765,0.19784,0.78451
223.61000,1.98000,0.00332,0.06662,0.93006
223.81000,1.98000,0.00352,0.14520,0.85129
224.00999,1.98001,0.00256,0.09268,0.90476
224.21001,1.98000,0.00139,0.06504,0.93356
224.41000,1.98000,0.00118,0.05559,0.94323
224.61000,1.98000,0.00121,0.02003,0.97876
224.81000,1.98000,0.00169,0.02876,0.96956
225.00999,1.98001,0.00239,0.04105,0.95657
225.21001,1.98000,0.00798,0.05134,0.94067
225.41000,1.98000,0.07074,0.11958,0.80968
225.61000,1.98000,0.09470,0.00771,0.89760
225.81000,1.98000,0.13291,0.00680,0.86029
226.00999,1.98001,0.09554,0.00322,0.90124
226.21001,1.98000,0.07913,0.00225,0.91862
226.41000,1.98000,0.14940,0.00528,0.84532
226.61000,1.98000,0.12224,0.00454,0.87321
226.81000,1.98000,0.12451,0.00518,0.87030
227.00999,1.98001,0.10102,0.00485,0.89412
227.21001,1.98000,0.04965,0.00531,0.94503
227.41000,1.98000,0.06121,0.01082,0.92797
227.61000,1.98000,0.07327,0.12120,0.80553
227.81000,1.98000,0.04039,0.05048,0.90913
228.00999,1.98001,0.01842,0.06363,0.91794
228.21001,1.98000,0.02262,0.02953,0.94785
228.41000,1.98000,0.02105,0.00539,0.97356
228.61000,1.98000,0.00853,0.00671,0.98477
228.81000,1.98000,0.00872,0.00641,0.98487
229.00999,1.98001,0.01937,0.01001,0.97062
229.21001,1.98000,0.01327,0.00199,0.98474
229.41000,1.98000,0.00465,0.00113,0.99422
229.61000,1.98000,0.00200,0.00162,0.99638
229.81000,1.98000,0.00930,0.00432,0.98638
230.00999,1.98001,0.00826,0.00857,0.98317
230.21001,1.98000,0.01443,0.03238,0.95319
230.41000,1.98000,0.02570,0.01999,0.95431
230.61000,1.98000,0.02093,0.02580,0.95327
230.81000,1.98000,0.01564,0.01606,0.96830
231.00999,1.98001,0.01305,0.04298,0.94397
231.21001,1.98000,0.02902,0.06749,0.90349
231.41000,1.98000,0.02621,0.02306,0.95073
231.61000,1.98000,0.04682,0.03554,0.91763
231.81000,1.98000,0.06039,0.05065,0.88896
232.00999,1.98001,0.06945,0.06550,0.86506
232.21001,1.98000,0.07024,0.20980,0.71996
232.41000,1.98000,0.08164,0.14897,0.76939
232.61000,1.98000,0.13053,0.17800,0.69148
232.81000,1.98000,0.17961,0.13448,0.68591
233.00999,1.98001,0.07674,0.16140,0.76186
233.21001,1.98000,0.03222,0.09217,0.87560
233.41000,1.98000,0.01981,0.01044,0.96975
233.61000,1.98000,0.02145,0.02400,0.95455
233.81000,1.98000,0.01841,0.02071,0.96087
234.00999,1.98001,0.01535,0.01127,0.97338
234.21001,1.98000,0.01644,0.01822,0.96535
234.41000,1.98000,0.01757,0.02839,0.95404
234.61000,1.98000,0.01263,0.02555,0.96182
234.81000,1.98000,0.00922,0.00708,0.98371
235.00999,1.98001,0.01202,0.00274,0.98524
235.21001,1.98000,0.06629,0.00268,0.93102
235.41000,1.98000,0.07602,0.01298,0.91100
235.61000,1.98000,0.07588,0.01406,0.91006
235.81000,1.98000,0.10934,0.01731,0.87335
236.00999,1.98001,0.09075,0.00888,0.90037
236.21001,1.98000,0.09762,0.00289,0.89949
236.41000,1.98000,0.08061,0.00056,0.91883
236.61000,1.98000,0.08541,0.00068,0.91390
236.81000,1.98000,0.27045,0.02370,0.70585
237.00999,1.98001,0.19066,0.01782,0.79152
237.21001,1.98000,0.15740,0.00539,0.83721
237.41000,1.98000,0.15979,0.00453,0.83568
237.61000,1.98000,0.13354,0.00125,0.86522
237.81000,1.98000,0.08681,0.00023,0.91296
238.00999,1.98001,0.06452,0.00097,0.93451
238.21001,1.98000,0.08400,0.00296,0.91304
238.41000,1.98000,0.17074,0.00866,0.82060
