Time (seconds), Duration (seconds),pred_unlabelled,pred_circle,pred_shaking
0.01000,1.98000,0.13422,0.86577,0.00000
0.21000,1.98000,0.01760,0.98239,0.00000
0.41000,1.98000,0.01057,0.98942,0.00001
0.61000,1.98000,0.03148,0.96849,0.00002
0.81000,1.98000,0.05433,0.94562,0.00004
1.01000,1.98000,0.04012,0.95982,0.00006
1.21000,1.98000,0.02744,0.97250,0.00005
1.41000,1.98000,0.01716,0.98281,0.00003
1.61000,1.98000,0.01775,0.98224,0.00001
1.81000,1.98000,0.03017,0.96981,0.00002
2.01000,1.98000,0.03184,0.96813,0.00003
2.21000,1.98000,0.05980,0.94018,0.00002
2.41000,1.98000,0.07054,0.92945,0.00001
2.61000,1.98000,0.02250,0.97750,0.00000
2.81000,1.98000,0.00973,0.99027,0.00000
3.01000,1.98000,0.00827,0.99173,0.00000
3.21000,1.98000,0.01121,0.98879,0.00001
3.41000,1.98000,0.01295,0.98703,0.00002
3.61000,1.98000,0.01105,0.98894,0.00001
3.81000,1.98000,0.03785,0.96214,0.00001
4.01000,1.98000,0.08040,0.91959,0.00001
4.21000,1.98000,0.09079,0.90920,0.00001
4.41000,1.98000,0.03941,0.96057,0.00002
4.61000,1.98000,0.02693,0.97304,0.00003
4.81000,1.98000,0.01853,0.98145,0.00002
5.01000,1.98000,0.01614,0.98384,0.00001
5.21000,1.98000,0.02153,0.97846,0.00001
5.41000,1.98000,0.02456,0.97543,0.00001
5.61000,1.98000,0.10510,0.89489,0.00001
5.81000,1.98000,0.03843,0.96156,0.00000
6.01000,1.98000,0.01898,0.98101,0.00000
6.21000,1.98000,0.01261,0.98739,0.00000
6.41000,1.98000,0.00724,0.99276,0.00000
6.61000,1.98000,0.01125,0.98875,0.00000
6.81000,1.98000,0.01855,0.98145,0.00001
7.01000,1.98000,0.02146,0.97853,0.00001
7.21000,1.98000,0.01654,0.98345,0.00001
7.41000,1.98000,0.02394,0.97605,0.00000
7.61000,1.98000,0.01687,0.98312,0.00000
7.81000,1.98000,0.01375,0.98624,0.00000
8.01000,1.98000,0.01142,0.98858,0.00000
8.21000,1.98000,0.01780,0.98219,0.00001
8.41000,1.98000,0.01340,0.98658,0.00002
8.61000,1.98000,0.00736,0.99264,0.00001
8.81000,1.98000,0.00579,0.99420,0.00001
9.01000,1.98000,0.00783,0.99217,0.00000
9.21000,1.98000,0.01598,0.98401,0.00000
9.41000,1.98000,0.02480,0.97520,0.00000
9.61000,1.98000,0.01503,0.98497,0.00000
9.81000,1.98000,0.02034,0.97966,0.00000
10.01000,1.98000,0.01261,0.98739,0.00000
10.21000,1.98000,0.00935,0.99065,0.00000
10.41000,1.98000,0.01203,0.98797,0.00000
10.61000,1.98000,0.01783,0.98216,0.00001
10.81000,1.98000,0.02156,0.97842,0.00002
11.01000,1.98000,0.02641,0.97358,0.00002
11.21000,1.98000,0.03784,0.96214,0.00001
11.41000,1.98000,0.03160,0.96837,0.00003
11.61000,1.98000,0.03161,0.96833,0.00005
11.81000,1.98000,0.04391,0.95603,0.00006
12.01000,1.98000,0.02333,0.97660,0.00007
12.21000,1.98000,0.01751,0.98245,0.00004
12.41000,1.98000,0.03206,0.96792,0.00002
12.61000,1.98000,0.04273,0.95725,0.00002
12.81000,1.98000,0.02780,0.97219,0.00002
13.01000,1.98000,0.04153,0.95846,0.00001
13.21000,1.98000,0.03723,0.96277,0.00001
13.41000,1.98000,0.01343,0.98657,0.00000
13.61000,1.98000,0.01230,0.98769,0.00000
13.81000,1.98000,0.01132,0.98868,0.00000
14.01000,1.98000,0.01149,0.98850,0.00001
14.21000,1.98000,0.00950,0.99049,0.00001
14.41000,1.98000,0.01281,0.98718,0.00001
14.61000,1.98000,0.01685,0.98313,0.00001
14.81000,1.98000,0.01332,0.98665,0.00004
15.01000,1.98000,0.02711,0.97281,0.00008
15.21000,1.98000,0.02102,0.97887,0.00011
15.41000,1.98000,0.01164,0.98831,0.00005
15.61000,1.98000,0.01254,0.98741,0.00004
15.81000,1.98000,0.01325,0.98670,0.00005
16.01000,1.98000,0.01372,0.98623,0.00005
16.21000,1.98000,0.01500,0.98496,0.00005
16.41000,1.98000,0.02982,0.97015,0.00003
16.61000,1.98000,0.00975,0.99024,0.00001
16.81000,1.98000,0.00696,0.99303,0.00001
17.01000,1.98000,0.00522,0.99477,0.00000
17.21000,1.98000,0.00949,0.99050,0.00001
17.41000,1.98000,0.01214,0.98785,0.00002
17.61000,1.98000,0.01142,0.98856,0.00001
17.81000,1.98000,0.01890,0.98107,0.00003
18.01000,1.98000,0.02277,0.97716,0.00007
18.21000,1.98000,0.01841,0.98145,0.00013
18.41000,1.98000,0.01354,0.98635,0.00011
18.61000,1.98000,0.00684,0.99311,0.00005
18.81000,1.98000,0.00790,0.99207,0.00004
19.01000,1.98000,0.01472,0.98523,0.00005
19.21000,1.98000,0.02997,0.96992,0.00011
19.41000,1.98000,0.03453,0.96531,0.00016
19.61000,1.98000,0.04237,0.95754,0.00009
19.81000,1.98000,0.01565,0.98433,0.00002
20.01000,1.98000,0.01034,0.98965,0.00001
20.21000,1.98000,0.01420,0.98578,0.00002
20.41000,1.98000,0.01959,0.98038,0.00003
20.61000,1.98000,0.01722,0.98275,0.00004
20.81000,1.98000,0.02992,0.97006,0.00002
21.01000,1.98000,0.05037,0.94961,0.00002
21.21000,1.98000,0.01964,0.98031,0.00005
21.41000,1.98000,0.03123,0.96869,0.00008
21.61000,1.98000,0.01395,0.98597,0.00008
21.81000,1.98000,0.00903,0.99092,0.00005
22.01000,1.98000,0.01268,0.98729,0.00003
22.21000,1.98000,0.02545,0.97453,0.00002
22.41000,1.98000,0.06683,0.93315,0.00002
22.61000,1.98000,0.07139,0.92859,0.00001
22.81000,1.98000,0.07894,0.92105,0.00001
23.01000,1.98000,0.02033,0.97967,0.00000
23.21000,1.98000,0.01320,0.98680,0.00000
23.41000,1.98000,0.02284,0.97716,0.00000
23.61000,1.98000,0.03325,0.96674,0.00001
23.81000,1.98000,0.03733,0.96267,0.00001
24.01000,1.98000,0.07598,0.92401,0.00001
24.21000,1.98000,0.05663,0.94335,0.00002
24.41000,1.98000,0.03076,0.96918,0.00005
24.61000,1.98000,0.02053,0.97936,0.00012
24.81000,1.98000,0.01733,0.98256,0.00011
25.01000,1.98000,0.01072,0.98920,0.00008
25.21000,1.98000,0.00972,0.99025,0.00004
25.41000,1.98000,0.01421,0.98577,0.00002
25.61000,1.98000,0.01007,0.98991,0.00002
25.81000,1.98000,0.00689,0.99311,0.00001
26.01000,1.98000,0.01080,0.98920,0.00000
26.21000,1.98000,0.02839,0.97161,0.00000
26.41000,1.98000,0.00673,0.99327,0.00000
26.61000,1.98000,0.01163,0.98837,0.00001
26.81000,1.98000,0.01849,0.98150,0.00001
27.01000,1.98000,0.01991,0.98007,0.00001
27.21000,1.98000,0.03500,0.96499,0.00001
27.41000,1.98000,0.05010,0.94989,0.00001
27.61000,1.98000,0.03150,0.96848,0.00002
27.81000,1.98000,0.03396,0.96602,0.00002
28.01000,1.98000,0.03474,0.96524,0.00002
28.21000,1.98000,0.00597,0.99401,0.00002
28.41000,1.98000,0.00674,0.99325,0.00002
28.61000,1.98000,0.01119,0.98880,0.00001
28.81000,1.98000,0.01178,0.98821,0.00001
29.01000,1.98000,0.01720,0.98279,0.00001
29.21000,1.98000,0.01689,0.98311,0.00000
29.41000,1.98000,0.00980,0.99019,0.00000
29.61000,1.98000,0.00980,0.99019,0.00001
29.81000,1.98000,0.01915,0.98082,0.00003
30.01000,1.98000,0.03047,0.96948,0.00004
30.21000,1.98000,0.02435,0.97561,0.00004
30.41000,1.98000,0.02959,0.97038,0.00002
30.61000,1.98000,0.03612,0.96384,0.00004
30.81000,1.98000,0.04787,0.95205,0.00008
31.01000,1.98000,0.02264,0.97724,0.00012
31.21000,1.98000,0.01527,0.98459,0.00015
31.41000,1.98000,0.00811,0.99183,0.00006
31.61000,1.98000,0.00776,0.99222,0.00002
31.81000,1.98000,0.02028,0.97971,0.00001
32.01000,1.98000,0.01595,0.98404,0.00001
32.21000,1.98000,0.01336,0.98662,0.00001
32.41000,1.98000,0.01305,0.98694,0.00001
32.61000,1.98000,0.01034,0.98965,0.00001
32.81000,1.98000,0.00795,0.99205,0.00001
33.01000,1.98000,0.01143,0.98856,0.00001
33.21000,1.98000,0.01733,0.98265,0.00002
33.41000,1.98000,0.01646,0.98353,0.00002
33.61000,1.98000,0.02608,0.97391,0.00001
33.81000,1.98000,0.02328,0.97670,0.00003
34.01000,1.98000,0.02373,0.97621,0.00005
34.21000,1.98000,0.01275,0.98719,0.00006
34.41000,1.98000,0.00795,0.99204,0.00002
34.61000,1.98000,0.00397,0.99602,0.00001
34.81000,1.98000,0.00419,0.99579,0.00001
35.01000,1.98000,0.00809,0.99190,0.00001
35.21000,1.98000,0.00837,0.99162,0.00001
35.41000,1.98000,0.00828,0.99171,0.00001
35.61000,1.98000,0.00623,0.99377,0.00000
35.81000,1.98000,0.00399,0.99600,0.00000
36.01000,1.98000,0.00258,0.99741,0.00000
36.21000,1.98000,0.00577,0.99422,0.00001
36.41000,1.98000,0.01063,0.98933,0.00003
36.61000,1.98000,0.01398,0.98598,0.00004
36.81000,1.98000,0.01661,0.98334,0.00005
37.01000,1.98000,0.01884,0.98111,0.00005
37.21000,1.98000,0.02219,0.97771,0.00011
37.41000,1.98000,0.03118,0.96852,0.00029
37.61000,1.98000,0.01804,0.98166,0.00030
37.81000,1.98000,0.01301,0.98668,0.00031
38.01000,1.98000,0.01051,0.98937,0.00012
38.21000,1.98000,0.02449,0.97546,0.00005
38.41000,1.98000,0.01921,0.98072,0.00007
38.61000,1.98000,0.01530,0.98465,0.00005
38.81000,1.98000,0.01734,0.98263,0.00003
39.01000,1.98000,0.00983,0.99015,0.00003
39.21000,1.98000,0.00766,0.99232,0.00001
39.41000,1.98000,0.01176,0.98822,0.00002
39.61000,1.98000,0.01232,0.98767,0.00001
39.81000,1.98000,0.01291,0.98708,0.00001
40.01000,1.98000,0.05219,0.94780,0.00001
40.21000,1.98000,0.01733,0.98265,0.00002
40.41000,1.98000,0.01000,0.98998,0.00001
40.61000,1.98000,0.00636,0.99363,0.00002
40.81000,1.98000,0.00359,0.99640,0.00001
41.01000,1.98000,0.00268,0.99731,0.00000
41.21000,1.98000,0.00348,0.99652,0.00000
41.41000,1.98000,0.00511,0.99488,0.00000
41.61000,1.98000,0.00772,0.99228,0.00000
41.81000,1.98000,0.02701,0.97299,0.00000
42.01000,1.98000,0.06305,0.93694,0.00000
42.21000,1.98000,0.05373,0.94626,0.00000
42.41000,1.98000,0.05831,0.94168,0.00001
42.61000,1.98000,0.09359,0.90640,0.00001
42.81000,1.98000,0.12779,0.87219,0.00002
43.01000,1.98000,0.17120,0.82878,0.00002
43.21000,1.98000,0.14320,0.85679,0.00001
43.41000,1.98000,0.27056,0.72943,0.00001
43.61000,1.98000,0.18151,0.81844,0.00006
43.81000,1.98000,0.09203,0.90789,0.00008
44.01000,1.98000,0.01020,0.98971,0.00009
44.21000,1.98000,0.00673,0.99323,0.00003
44.41000,1.98000,0.01417,0.98582,0.00002
44.61000,1.98000,0.01170,0.98827,0.00003
44.81000,1.98000,0.01687,0.98307,0.00006
45.01000,1.98000,0.03319,0.96667,0.00013
45.21000,1.98000,0.03886,0.96089,0.00025
45.41000,1.98000,0.05453,0.94530,0.00016
45.61000,1.98000,0.08146,0.91808,0.00046
45.81000,1.98000,0.11502,0.88440,0.00058
46.01000,1.98000,0.07466,0.92510,0.00024
46.21000,1.98000,0.11218,0.88762,0.00020
46.41000,1.98000,0.02575,0.97418,0.00007
46.61000,1.98000,0.01158,0.98840,0.00002
46.81000,1.98000,0.00859,0.99140,0.00001
47.01000,1.98000,0.00704,0.99295,0.00001
47.21000,1.98000,0.00851,0.99148,0.00001
47.41000,1.98000,0.00581,0.99418,0.00001
47.61000,1.98000,0.00818,0.99180,0.00002
47.81000,1.98000,0.01861,0.98135,0.00004
48.01000,1.98000,0.03682,0.96306,0.00012
48.21000,1.98000,0.05948,0.94031,0.00021
48.41000,1.98000,0.07638,0.92322,0.00039
48.61000,1.98000,0.07583,0.92390,0.00027
48.81000,1.98000,0.02326,0.97664,0.00010
49.01000,1.98000,0.02599,0.97399,0.00002
49.21000,1.98000,0.01157,0.98842,0.00001
49.41000,1.98000,0.01159,0.98840,0.00001
49.61000,1.98000,0.01231,0.98767,0.00001
49.81000,1.98000,0.01868,0.98130,0.00002
50.01000,1.98000,0.01483,0.98510,0.00007
50.21000,1.98000,0.02542,0.97446,0.00012
50.41000,1.98000,0.05135,0.94807,0.00058
50.61000,1.98000,0.07898,0.91987,0.00115
50.81000,1.98000,0.13618,0.86100,0.00282
51.01000,1.98000,0.06318,0.93512,0.00170
51.21000,1.98000,0.02793,0.97131,0.00077
51.41000,1.98000,0.01647,0.98336,0.00018
51.61000,1.98000,0.01252,0.98740,0.00008
51.81000,1.98000,0.01178,0.98817,0.00005
52.01000,1.98000,0.01801,0.98188,0.00011
52.21000,1.98000,0.01079,0.98915,0.00006
52.41000,1.98000,0.01603,0.98385,0.00012
52.61000,1.98000,0.02596,0.97390,0.00013
52.81000,1.98000,0.05674,0.94270,0.00056
53.01000,1.98000,0.10249,0.89647,0.00104
53.21000,1.98000,0.10019,0.89881,0.00101
53.41000,1.98000,0.08697,0.91252,0.00051
53.61000,1.98000,0.05233,0.94732,0.00036
53.81000,1.98000,0.02697,0.97291,0.00012
54.01000,1.98000,0.02237,0.97760,0.00003
54.21000,1.98000,0.01746,0.98251,0.00003
54.41000,1.98000,0.01926,0.98071,0.00003
54.61000,1.98000,0.02587,0.97411,0.00002
54.81000,1.98000,0.01238,0.98760,0.00002
55.01000,1.98000,0.02379,0.97615,0.00006
55.21000,1.98000,0.02820,0.97173,0.00007
55.41000,1.98000,0.04729,0.95253,0.00019
55.61000,1.98000,0.05428,0.94562,0.00010
55.81000,1.98000,0.04473,0.95518,0.00008
56.01000,1.98000,0.02170,0.97826,0.00004
56.21000,1.98000,0.00674,0.99325,0.00001
56.41000,1.98000,0.00441,0.99558,0.00000
56.61000,1.98000,0.00639,0.99361,0.00000
56.81000,1.98000,0.00341,0.99659,0.00000
57.01000,1.98000,0.00487,0.99513,0.00000
57.21000,1.98000,0.00431,0.99569,0.00000
57.41000,1.98000,0.00541,0.99458,0.00000
57.61000,1.98000,0.00954,0.99045,0.00001
57.81000,1.98000,0.02569,0.97428,0.00002
58.01000,1.98000,0.07365,0.92625,0.00010
58.21000,1.98000,0.07748,0.92243,0.00009
58.41000,1.98000,0.07888,0.92108,0.00004
58.61000,1.98000,0.01661,0.98336,0.00003
58.81000,1.98000,0.00819,0.99180,0.00001
59.01000,1.98000,0.00379,0.99621,0.00000
59.21000,1.98000,0.00584,0.99416,0.00000
59.41000,1.98000,0.00503,0.99497,0.00000
59.61000,1.98000,0.00604,0.99396,0.00000
59.81000,1.98000,0.00567,0.99433,0.00000
60.01000,1.98000,0.00676,0.99324,0.00000
60.21000,1.98000,0.01521,0.98478,0.00002
60.41000,1.98000,0.03497,0.96497,0.00005
60.61000,1.98000,0.10850,0.89125,0.00024
60.81000,1.98000,0.23032,0.76892,0.00076
61.01000,1.98000,0.34694,0.65220,0.00086
61.21000,1.98000,0.13021,0.86915,0.00064
61.41000,1.98000,0.05087,0.94884,0.00029
61.61000,1.98000,0.02791,0.97196,0.00013
61.81000,1.98000,0.01974,0.98019,0.00007
62.01000,1.98000,0.02574,0.97424,0.00002
62.21000,1.98000,0.01539,0.98459,0.00002
62.41000,1.98000,0.02293,0.97705,0.00002
62.61000,1.98000,0.01335,0.98662,0.00003
62.81000,1.98000,0.01679,0.98316,0.00005
63.01000,1.98000,0.03934,0.96058,0.00008
63.21000,1.98000,0.04135,0.95849,0.00016
63.41000,1.98000,0.04670,0.95319,0.00012
63.61000,1.98000,0.03665,0.96327,0.00008
63.81000,1.98000,0.04026,0.95967,0.00007
64.01000,1.98000,0.01789,0.98208,0.00003
64.21000,1.98000,0.01946,0.98053,0.00001
64.41000,1.98000,0.01928,0.98072,0.00000
64.61000,1.98000,0.02195,0.97804,0.00000
64.81000,1.98000,0.04038,0.95962,0.00000
65.01000,1.98000,0.01945,0.98055,0.00000
65.21000,1.98000,0.02675,0.97324,0.00001
65.41000,1.98000,0.09181,0.90816,0.00003
65.61000,1.98000,0.16054,0.83928,0.00018
65.81000,1.98000,0.23394,0.76588,0.00018
66.01000,1.98000,0.33835,0.66137,0.00029
66.21000,1.98000,0.18100,0.81877,0.00023
66.41000,1.98000,0.04428,0.95561,0.00011
66.61000,1.98000,0.02931,0.97063,0.00006
66.81000,1.98000,0.02221,0.97777,0.00002
67.01000,1.98000,0.02989,0.97010,0.00002
67.21000,1.98000,0.03650,0.96348,0.00002
67.41000,1.98000,0.01746,0.98253,0.00001
67.61000,1.98000,0.01903,0.98095,0.00002
67.81000,1.98000,0.03209,0.96785,0.00006
68.01000,1.98000,0.07127,0.92847,0.00027
68.21000,1.98000,0.12303,0.87656,0.00041
68.41000,1.98000,0.16944,0.82989,0.00068
68.61000,1.98000,0.21467,0.78444,0.00089
68.81000,1.98000,0.49256,0.50508,0.00236
69.01000,1.98000,0.18504,0.80155,0.01342
69.21000,1.98000,0.18654,0.78693,0.02653
69.41000,1.98000,0.13101,0.85563,0.01336
69.61000,1.98000,0.11207,0.87951,0.00841
69.81000,1.98000,0.05338,0.94465,0.00197
70.01000,1.98000,0.05183,0.94478,0.00339
70.21000,1.98000,0.02693,0.96885,0.00423
70.41000,1.98000,0.01497,0.98263,0.00240
70.61000,1.98000,0.04329,0.95518,0.00153
70.81000,1.98000,0.03986,0.95926,0.00088
71.01000,1.98000,0.01288,0.98696,0.00016
71.21000,1.98000,0.00929,0.99066,0.00005
71.41000,1.98000,0.00765,0.99226,0.00010
71.61000,1.98000,0.00512,0.99482,0.00005
71.81000,1.98000,0.00780,0.99216,0.00004
72.01000,1.98000,0.00990,0.99005,0.00006
72.21000,1.98000,0.01564,0.98428,0.00008
72.41000,1.98000,0.03771,0.96223,0.00006
72.61000,1.98000,0.00811,0.99184,0.00005
72.81000,1.98000,0.00587,0.99408,0.00005
73.01000,1.98000,0.00620,0.99376,0.00004
73.21000,1.98000,0.00490,0.99508,0.00002
73.41000,1.98000,0.00759,0.99237,0.00004
73.61000,1.98000,0.00973,0.99021,0.00006
73.81000,1.98000,0.00566,0.99427,0.00008
74.01000,1.98000,0.00362,0.99623,0.00015
74.21000,1.98000,0.00787,0.99178,0.00035
74.41000,1.98000,0.00955,0.99012,0.00033
74.61000,1.98000,0.01656,0.98300,0.00044
74.81000,1.98000,0.02243,0.97689,0.00068
75.01000,1.98000,0.02704,0.97208,0.00087
75.21000,1.98000,0.01788,0.98150,0.00063
75.41000,1.98000,0.00755,0.99222,0.00023
75.61000,1.98000,0.00644,0.99338,0.00018
75.81000,1.98000,0.00761,0.99231,0.00008
76.01000,1.98000,0.01005,0.98987,0.00008
76.21000,1.98000,0.01367,0.98624,0.00009
76.41000,1.98000,0.00544,0.99437,0.00020
76.61000,1.98000,0.00396,0.99568,0.00036
76.81000,1.98000,0.00460,0.99519,0.00022
77.01000,1.98000,0.00895,0.99078,0.00027
77.21000,1.98000,0.01693,0.98246,0.00062
77.41000,1.98000,0.02302,0.97601,0.00097
77.61000,1.98000,0.02358,0.97484,0.00157
77.81000,1.98000,0.02150,0.97742,0.00107
78.01000,1.98000,0.00902,0.99058,0.00040
78.21000,1.98000,0.01049,0.98928,0.00023
78.41000,1.98000,0.01673,0.98293,0.00034
78.61000,1.98000,0.01812,0.98140,0.00048
78.81000,1.98000,0.05480,0.94422,0.00098
79.01000,1.98000,0.02966,0.96810,0.00224
79.21000,1.98000,0.04179,0.95009,0.00812
79.41000,1.98000,0.04068,0.94487,0.01445
79.61000,1.98000,0.03859,0.94872,0.01268
79.81000,1.98000,0.10780,0.82544,0.06676
80.01000,1.98000,0.11174,0.78927,0.09899
80.21000,1.98000,0.07786,0.77593,0.14621
80.41000,1.98000,0.10856,0.74510,0.14634
80.61000,1.98000,0.12764,0.77206,0.10030
80.81000,1.98000,0.09631,0.85763,0.04606
81.01000,1.98000,0.06793,0.88250,0.04957
81.21000,1.98000,0.06422,0.91281,0.02297
81.41000,1.98000,0.04819,0.94144,0.01037
81.61000,1.98000,0.05361,0.93828,0.00811
81.81000,1.98000,0.04085,0.94947,0.00968
82.01000,1.98000,0.04605,0.94126,0.01269
82.21000,1.98000,0.05863,0.93251,0.00886
82.41000,1.98000,0.05030,0.94544,0.00427
82.61000,1.98000,0.04461,0.95051,0.00488
82.81000,1.98000,0.04710,0.94952,0.00338
83.01000,1.98000,0.04456,0.95330,0.00214
83.21000,1.98000,0.05699,0.94118,0.00183
83.41000,1.98000,0.02912,0.96988,0.00100
83.61000,1.98000,0.04549,0.95200,0.00251
83.81000,1.98000,0.05289,0.94414,0.00297
84.01000,1.98000,0.03417,0.96338,0.00245
84.21000,1.98000,0.01838,0.98083,0.00078
84.41000,1.98000,0.04033,0.95909,0.00057
84.61000,1.98000,0.02756,0.97146,0.00098
84.81000,1.98000,0.04063,0.95835,0.00102
85.01000,1.98000,0.03881,0.96041,0.00078
85.21000,1.98000,0.03600,0.96294,0.00107
85.41000,1.98000,0.02607,0.97335,0.00058
85.61000,1.98000,0.00963,0.99020,0.00017
85.81000,1.98000,0.00897,0.99096,0.00007
86.01000,1.98000,0.02259,0.97735,0.00006
86.21000,1.98000,0.25782,0.74214,0.00004
86.41000,1.98000,0.19396,0.80597,0.00007
86.61000,1.98000,0.09681,0.90309,0.00010
86.81000,1.98000,0.08209,0.91776,0.00015
87.01000,1.98000,0.09423,0.90557,0.00020
87.21000,1.98000,0.13472,0.86516,0.00011
87.41000,1.98000,0.18836,0.81140,0.00024
87.61000,1.98000,0.29443,0.70519,0.00038
87.81000,1.98000,0.39089,0.60873,0.00038
88.01000,1.98000,0.33143,0.66827,0.00030
88.21000,1.98000,0.04987,0.94959,0.00054
88.41000,1.98000,0.01025,0.98947,0.00028
88.61000,1.98000,0.02720,0.97259,0.00021
88.81000,1.98000,0.03975,0.95973,0.00052
89.01000,1.98000,0.04323,0.95617,0.00060
89.21000,1.98000,0.02355,0.97591,0.00054
89.41000,1.98000,0.02033,0.97919,0.00048
89.61000,1.98000,0.03987,0.95968,0.00045
89.81000,1.98000,0.04591,0.95314,0.00094
90.01000,1.98000,0.06680,0.93232,0.00088
90.21000,1.98000,0.08085,0.91833,0.00083
90.41000,1.98000,0.12756,0.87162,0.00082
90.61000,1.98000,0.04130,0.95817,0.00052
90.81000,1.98000,0.01652,0.98303,0.00045
91.01000,1.98000,0.01806,0.98162,0.00032
91.21000,1.98000,0.02420,0.97496,0.00084
91.41000,1.98000,0.02260,0.97671,0.00069
91.61000,1.98000,0.01318,0.98606,0.00076
91.81000,1.98000,0.01212,0.98651,0.00137
92.01000,1.98000,0.01826,0.97859,0.00315
92.21000,1.98000,0.03003,0.96603,0.00394
92.41000,1.98000,0.03484,0.96227,0.00290
92.61000,1.98000,0.03113,0.96711,0.00175
92.81000,1.98000,0.04362,0.95404,0.00234
93.01000,1.98000,0.02336,0.97564,0.00100
93.21000,1.98000,0.01372,0.98549,0.00079
93.41000,1.98000,0.02011,0.97833,0.00156
93.61000,1.98000,0.01868,0.98036,0.00096
93.81000,1.98000,0.01894,0.98061,0.00046
94.01000,1.98000,0.01263,0.98697,0.00040
94.21000,1.98000,0.01644,0.98300,0.00056
94.41000,1.98000,0.02923,0.96984,0.00093
94.61000,1.98000,0.04277,0.95569,0.00154
94.81000,1.98000,0.09411,0.90445,0.00144
95.01000,1.98000,0.11168,0.88723,0.00109
95.21000,1.98000,0.04258,0.95715,0.00027
95.41000,1.98000,0.03331,0.96642,0.00026
95.61000,1.98000,0.02286,0.97699,0.00015
95.81000,1.98000,0.01098,0.98894,0.00008
96.01000,1.98000,0.01058,0.98936,0.00006
96.21000,1.98000,0.00611,0.99385,0.00004
96.41000,1.98000,0.00414,0.99582,0.00004
96.61000,1.98000,0.00710,0.99289,0.00001
96.81000,1.98000,0.00618,0.99380,0.00001
97.01000,1.98000,0.01365,0.98633,0.00002
97.21000,1.98000,0.01118,0.98879,0.00003
97.41000,1.98000,0.01096,0.98901,0.00003
97.61000,1.98000,0.01568,0.98428,0.00004
97.81000,1.98000,0.01566,0.98430,0.00003
98.01000,1.98000,0.00928,0.99069,0.00003
98.21000,1.98000,0.01302,0.98691,0.00007
98.41000,1.98000,0.06824,0.93167,0.00009
98.61000,1.98000,0.04188,0.95800,0.00011
98.81000,1.98000,0.02539,0.97452,0.00009
99.01000,1.98000,0.00738,0.99251,0.00011
99.21000,1.98000,0.00443,0.99552,0.00005
99.41000,1.98000,0.00333,0.99665,0.00002
99.61000,1.98000,0.00276,0.99723,0.00001
99.81000,1.98000,0.00839,0.99160,0.00001
100.01000,1.98000,0.00789,0.99210,0.00001
100.21000,1.98000,0.01107,0.98892,0.00000
100.41000,1.98000,0.00321,0.99678,0.00000
100.61000,1.98000,0.00225,0.99775,0.00000
100.81000,1.98000,0.00390,0.99610,0.00000
101.01000,1.98000,0.01015,0.98983,0.00001
101.21000,1.98000,0.02119,0.97879,0.00003
101.41000,1.98000,0.03221,0.96773,0.00006
101.61000,1.98000,0.06031,0.93960,0.00009
101.81000,1.98000,0.01650,0.98339,0.00011
102.01000,1.98000,0.01054,0.98941,0.00004
102.21000,1.98000,0.02069,0.97927,0.00004
102.41000,1.98000,0.01889,0.98104,0.00007
102.61000,1.98000,0.01917,0.98070,0.00012
102.81000,1.98000,0.01214,0.98774,0.00012
103.01000,1.98000,0.00526,0.99470,0.00003
103.21000,1.98000,0.01984,0.98009,0.00007
103.41000,1.98000,0.01707,0.98288,0.00005
103.61000,1.98000,0.01439,0.98557,0.00005
103.81000,1.98000,0.01402,0.98590,0.00007
104.01000,1.98000,0.02046,0.97950,0.00004
104.21000,1.98000,0.00932,0.99064,0.00004
104.41000,1.98000,0.01456,0.98541,0.00003
104.61000,1.98000,0.01485,0.98513,0.00002
104.81000,1.98000,0.01541,0.98457,0.00001
105.01000,1.98000,0.02487,0.97512,0.00001
105.21000,1.98000,0.02245,0.97754,0.00001
105.41000,1.98000,0.03423,0.96575,0.00001
105.61000,1.98000,0.05495,0.94501,0.00004
105.81000,1.98000,0.04349,0.95644,0.00007
106.01000,1.98000,0.05083,0.94914,0.00004
106.21000,1.98000,0.02126,0.97869,0.00005
106.41000,1.98000,0.01609,0.98387,0.00004
106.61000,1.98000,0.02661,0.97335,0.00004
106.81000,1.98000,0.03855,0.96138,0.00007
107.01000,1.98000,0.02605,0.97391,0.00005
107.21000,1.98000,0.04522,0.95474,0.00004
107.41000,1.98000,0.02384,0.97611,0.00005
107.61000,1.98000,0.02918,0.97080,0.00002
107.81000,1.98000,0.01178,0.98819,0.00003
108.01000,1.98000,0.01375,0.98622,0.00004
108.21000,1.98000,0.01107,0.98888,0.00005
108.41000,1.98000,0.01331,0.98665,0.00004
108.61000,1.98000,0.00498,0.99501,0.00002
108.81000,1.98000,0.00605,0.99394,0.00001
109.01000,1.98000,0.00695,0.99303,0.00002
109.21000,1.98000,0.00662,0.99335,0.00003
109.41000,1.98000,0.00772,0.99225,0.00003
109.61000,1.98000,0.00831,0.99165,0.00004
109.81000,1.98000,0.00865,0.99129,0.00006
110.01000,1.98000,0.01173,0.98818,0.00009
110.21000,1.98000,0.01573,0.98415,0.00012
110.41000,1.98000,0.01878,0.98107,0.00015
110.61000,1.98000,0.02750,0.97240,0.00010
110.81000,1.98000,0.01782,0.98209,0.00009
111.01000,1.98000,0.00482,0.99514,0.00004
111.21000,1.98000,0.00333,0.99665,0.00002
111.41000,1.98000,0.00384,0.99615,0.00001
111.61000,1.98000,0.00469,0.99530,0.00002
111.81000,1.98000,0.00652,0.99346,0.00002
112.01000,1.98000,0.00436,0.99562,0.00002
112.21000,1.98000,0.00401,0.99595,0.00004
112.41000,1.98000,0.00648,0.99345,0.00006
112.61000,1.98000,0.01117,0.98871,0.00012
112.81000,1.98000,0.02460,0.97519,0.00021
113.01000,1.98000,0.10215,0.89752,0.00033
113.21000,1.98000,0.08958,0.91001,0.00041
113.41000,1.98000,0.04987,0.94992,0.00020
113.61000,1.98000,0.02417,0.97572,0.00011
113.81000,1.98000,0.01971,0.98024,0.00005
114.01000,1.98000,0.01820,0.98178,0.00003
114.21000,1.98000,0.02182,0.97816,0.00002
114.41000,1.98000,0.03128,0.96871,0.00002
114.61000,1.98000,0.02970,0.97028,0.00002
114.81000,1.98000,0.02160,0.97838,0.00002
115.01000,1.98000,0.00631,0.99365,0.00004
115.21000,1.98000,0.00948,0.99047,0.00004
115.41000,1.98000,0.01899,0.98094,0.00007
115.61000,1.98000,0.15386,0.84606,0.00008
115.81000,1.98000,0.14939,0.85047,0.00013
116.01000,1.98000,0.14716,0.85273,0.00012
116.21000,1.98000,0.10061,0.89934,0.00005
116.41000,1.98000,0.05228,0.94769,0.00003
116.61000,1.98000,0.03640,0.96358,0.00002
116.81000,1.98000,0.03593,0.96406,0.00001
117.01000,1.98000,0.07010,0.92989,0.00001
117.21000,1.98000,0.08339,0.91657,0.00005
117.41000,1.98000,0.04908,0.95086,0.00006
117.61000,1.98000,0.00887,0.99104,0.00009
117.81000,1.98000,0.00657,0.99326,0.00017
118.01000,1.98000,0.00775,0.99197,0.00028
118.21000,1.98000,0.02597,0.97318,0.00085
118.41000,1.98000,0.06525,0.93285,0.00190
118.61000,1.98000,0.07134,0.92522,0.00344
118.81000,1.98000,0.04147,0.95730,0.00123
119.01000,1.98000,0.01672,0.98273,0.00055
119.21000,1.98000,0.01577,0.98396,0.00027
119.41000,1.98000,0.01811,0.98160,0.00029
119.61000,1.98000,0.01639,0.98322,0.00039
119.81000,1.98000,0.03138,0.96807,0.00055
120.01000,1.98000,0.02847,0.97071,0.00082
120.21000,1.98000,0.02242,0.97704,0.00054
120.41000,1.98000,0.00997,0.98964,0.00038
120.61000,1.98000,0.03892,0.96042,0.00066
120.81000,1.98000,0.17867,0.82062,0.00071
121.01000,1.98000,0.15141,0.84825,0.00034
121.21000,1.98000,0.10008,0.89965,0.00027
121.41000,1.98000,0.04613,0.95380,0.00007
121.61000,1.98000,0.02633,0.97365,0.00002
121.81000,1.98000,0.02291,0.97708,0.00001
122.01000,1.98000,0.01506,0.98494,0.00000
122.21000,1.98000,0.01491,0.98508,0.00001
122.41000,1.98000,0.03710,0.96288,0.00002
122.61000,1.98000,0.02686,0.97312,0.00002
122.81000,1.98000,0.00780,0.99218,0.00003
123.01000,1.98000,0.01397,0.98596,0.00007
123.21000,1.98000,0.02259,0.97710,0.00030
123.41000,1.98000,0.02686,0.97272,0.00042
123.61000,1.98000,0.02644,0.97309,0.00047
123.81000,1.98000,0.03258,0.96695,0.00046
124.01000,1.98000,0.03573,0.96384,0.00042
124.21000,1.98000,0.02785,0.97157,0.00059
124.41000,1.98000,0.02263,0.97682,0.00055
124.61000,1.98000,0.02091,0.97844,0.00064
124.81000,1.98000,0.02607,0.97320,0.00073
125.01000,1.98000,0.03116,0.96856,0.00029
125.21000,1.98000,0.04968,0.94979,0.00053
125.41000,1.98000,0.10403,0.89513,0.00084
125.61000,1.98000,0.06065,0.93828,0.00107
125.81000,1.98000,0.06109,0.93788,0.00104
126.01000,1.98000,0.03839,0.96129,0.00032
126.21000,1.98000,0.04507,0.95472,0.00021
126.41000,1.98000,0.06264,0.93690,0.00046
126.61000,1.98000,0.06372,0.93574,0.00054
126.81000,1.98000,0.07663,0.92281,0.00056
127.01000,1.98000,0.07991,0.91921,0.00087
127.21000,1.98000,0.05050,0.94882,0.00068
127.41000,1.98000,0.05972,0.93950,0.00078
127.61000,1.98000,0.08707,0.91156,0.00137
127.81000,1.98000,0.04710,0.95195,0.00095
128.00999,1.98001,0.03782,0.96141,0.00077
128.21001,1.98000,0.01836,0.98133,0.00032
128.41000,1.98000,0.01098,0.98895,0.00007
128.61000,1.98000,0.01212,0.98782,0.00006
128.81000,1.98000,0.01040,0.98951,0.00009
129.00999,1.98001,0.01012,0.98979,0.00009
129.21001,1.98000,0.02842,0.97143,0.00016
129.41000,1.98000,0.00927,0.99050,0.00022
129.61000,1.98000,0.00930,0.99038,0.00033
129.81000,1.98000,0.01181,0.98732,0.00087
130.00999,1.98001,0.02262,0.97532,0.00206
130.21001,1.98000,0.04621,0.94831,0.00549
130.41000,1.98000,0.09851,0.88621,0.01528
130.61000,1.98000,0.12095,0.86049,0.01855
130.81000,1.98000,0.14024,0.84742,0.01234
131.00999,1.98001,0.17451,0.81720,0.00829
131.21001,1.98000,0.20934,0.78414,0.00652
131.41000,1.98000,0.40656,0.59055,0.00288
131.61000,1.98000,0.24833,0.74548,0.00619
131.81000,1.98000,0.27612,0.71031,0.01358
132.00999,1.98001,0.26083,0.72736,0.01181
132.21001,1.98000,0.16585,0.82683,0.00732
132.41000,1.98000,0.03136,0.96841,0.00023
132.61000,1.98000,0.01905,0.98092,0.00004
132.81000,1.98000,0.00811,0.99186,0.00002
133.00999,1.98001,0.01170,0.98825,0.00005
133.21001,1.98000,0.01780,0.98207,0.00013
133.41000,1.98000,0.02160,0.97793,0.00047
133.61000,1.98000,0.01303,0.98686,0.00011
133.81000,1.98000,0.00804,0.99195,0.00002
134.00999,1.98001,0.01243,0.98756,0.00001
134.21001,1.98000,0.04079,0.95916,0.00004
134.41000,1.98000,0.11655,0.88273,0.00071
134.61000,1.98000,0.14266,0.85643,0.00091
134.81000,1.98000,0.12351,0.87595,0.00054
135.00999,1.98001,0.22756,0.77202,0.00042
135.21001,1.98000,0.28569,0.71424,0.00007
135.41000,1.98000,0.25027,0.74923,0.00051
135.61000,1.98000,0.35889,0.63986,0.00126
135.81000,1.98000,0.34079,0.65847,0.00074
136.00999,1.98001,0.23620,0.76347,0.00033
136.21001,1.98000,0.11175,0.88814,0.00011
136.41000,1.98000,0.12326,0.87666,0.00008
136.61000,1.98000,0.18271,0.81694,0.00035
136.81000,1.98000,0.17427,0.82563,0.00010
137.00999,1.98001,0.10921,0.89071,0.00008
137.21001,1.98000,0.01973,0.98026,0.00002
137.41000,1.98000,0.00675,0.99325,0.00000
137.61000,1.98000,0.01100,0.98900,0.00000
137.81000,1.98000,0.01730,0.98266,0.00005
138.00999,1.98001,0.02469,0.97523,0.00008
138.21001,1.98000,0.02121,0.97878,0.00001
138.41000,1.98000,0.02000,0.98000,0.00000
138.61000,1.98000,0.00636,0.99364,0.00000
138.81000,1.98000,0.01009,0.98991,0.00000
139.00999,1.98001,0.02062,0.97938,0.00000
139.21001,1.98000,0.06321,0.93675,0.00004
139.41000,1.98000,0.08582,0.91409,0.00010
139.61000,1.98000,0.06423,0.93573,0.00003
139.81000,1.98000,0.04483,0.95515,0.00002
140.00999,1.98001,0.10659,0.89334,0.00007
140.21001,1.98000,0.07927,0.92060,0.00014
140.41000,1.98000,0.12315,0.87625,0.00060
140.61000,1.98000,0.12643,0.87318,0.00039
140.81000,1.98000,0.12700,0.87296,0.00004
141.00999,1.98001,0.02880,0.97120,0.00000
141.21001,1.98000,0.03010,0.96990,0.00000
141.41000,1.98000,0.06023,0.93975,0.00002
141.61000,1.98000,0.06360,0.93638,0.00002
141.81000,1.98000,0.08997,0.91002,0.00001
142.00999,1.98001,0.04292,0.95707,0.00001
142.21001,1.98000,0.04508,0.95488,0.00003
142.41000,1.98000,0.05604,0.94390,0.00006
142.61000,1.98000,0.06672,0.93313,0.00014
142.81000,1.98000,0.07861,0.92125,0.00014
143.00999,1.98001,0.04853,0.95135,0.00013
143.21001,1.98000,0.07682,0.92304,0.00014
143.41000,1.98000,0.05286,0.94701,0.00013
143.61000,1.98000,0.06443,0.93534,0.00023
143.81000,1.98000,0.06760,0.93215,0.00025
144.00999,1.98001,0.07303,0.92683,0.00014
144.21001,1.98000,0.07171,0.92817,0.00013
144.41000,1.98000,0.04359,0.95632,0.00009
144.61000,1.98000,0.08085,0.91831,0.00084
144.81000,1.98000,0.18618,0.81034,0.00348
145.00999,1.98001,0.15841,0.83944,0.00215
145.21001,1.98000,0.09436,0.90505,0.00059
145.41000,1.98000,0.06193,0.93786,0.00021
145.61000,1.98000,0.06544,0.93437,0.00019
145.81000,1.98000,0.04327,0.95671,0.00003
146.00999,1.98001,0.01775,0.98224,0.00001
146.21001,1.98000,0.01735,0.98264,0.00001
146.41000,1.98000,0.02386,0.97613,0.00002
146.61000,1.98000,0.01904,0.98095,0.00001
146.81000,1.98000,0.01445,0.98554,0.00001
147.00999,1.98001,0.00761,0.99239,0.00000
147.21001,1.98000,0.00667,0.99333,0.00000
147.41000,1.98000,0.01030,0.98970,0.00001
147.61000,1.98000,0.01213,0.98786,0.00001
147.81000,1.98000,0.01163,0.98836,0.00001
148.00999,1.98001,0.01415,0.98585,0.00001
148.21001,1.98000,0.03973,0.96020,0.00007
148.41000,1.98000,0.02289,0.97709,0.00003
148.61000,1.98000,0.03861,0.96133,0.00006
148.81000,1.98000,0.08207,0.91765,0.00028
149.00999,1.98001,0.14193,0.85738,0.00068
149.21001,1.98000,0.11372,0.88606,0.00022
149.41000,1.98000,0.04290,0.95707,0.00003
149.61000,1.98000,0.11091,0.88891,0.00017
149.81000,1.98000,0.22700,0.77158,0.00143
150.00999,1.98001,0.10555,0.89398,0.00048
150.21001,1.98000,0.08113,0.91875,0.00012
150.41000,1.98000,0.05484,0.94512,0.00004
150.61000,1.98000,0.07651,0.92345,0.00004
150.81000,1.98000,0.05412,0.94586,0.00002
151.00999,1.98001,0.04975,0.95023,0.00002
151.21001,1.98000,0.05150,0.94846,0.00003
151.41000,1.98000,0.06640,0.93358,0.00002
151.61000,1.98000,0.05308,0.94690,0.00002
151.81000,1.98000,0.05473,0.94524,0.00004
152.00999,1.98001,0.03650,0.96348,0.00002
152.21001,1.98000,0.09268,0.90720,0.00012
152.41000,1.98000,0.11090,0.88902,0.00008
152.61000,1.98000,0.12167,0.87822,0.00012
152.81000,1.98000,0.17428,0.82551,0.00021
153.00999,1.98001,0.15940,0.83998,0.00061
153.21001,1.98000,0.16723,0.83137,0.00140
153.41000,1.98000,0.16959,0.82947,0.00094
153.61000,1.98000,0.13993,0.85977,0.00030
153.81000,1.98000,0.22285,0.77632,0.00084
154.00999,1.98001,0.13598,0.86389,0.00013
154.21001,1.98000,0.10145,0.89846,0.00009
154.41000,1.98000,0.26483,0.73376,0.00141
154.61000,1.98000,0.10515,0.89463,0.00023
154.81000,1.98000,0.07317,0.92672,0.00011
155.00999,1.98001,0.09553,0.90427,0.00020
155.21001,1.98000,0.17181,0.82796,0.00023
155.41000,1.98000,0.10754,0.89217,0.00029
155.61000,1.98000,0.10044,0.89928,0.00028
155.81000,1.98000,0.08220,0.91735,0.00045
156.00999,1.98001,0.12221,0.87757,0.00023
156.21001,1.98000,0.04080,0.95918,0.00001
156.41000,1.98000,0.05701,0.94296,0.00003
156.61000,1.98000,0.10256,0.89734,0.00010
156.81000,1.98000,0.07309,0.92685,0.00006
157.00999,1.98001,0.03138,0.96861,0.00001
157.21001,1.98000,0.02288,0.97712,0.00000
157.41000,1.98000,0.01495,0.98505,0.00000
157.61000,1.98000,0.02794,0.97205,0.00001
157.81000,1.98000,0.05057,0.94942,0.00002
158.00999,1.98001,0.04251,0.95748,0.00001
158.21001,1.98000,0.05690,0.94309,0.00001
158.41000,1.98000,0.02731,0.97269,0.00000
158.61000,1.98000,0.04901,0.95099,0.00000
158.81000,1.98000,0.09449,0.90550,0.00001
159.00999,1.98001,0.13122,0.86876,0.00002
159.21001,1.98000,0.06829,0.93171,0.00001
159.41000,1.98000,0.05012,0.94987,0.00000
159.61000,1.98000,0.02821,0.97179,0.00000
159.81000,1.98000,0.01682,0.98318,0.00000
160.00999,1.98001,0.01769,0.98231,0.00000
160.21001,1.98000,0.02217,0.97783,0.00001
160.41000,1.98000,0.02237,0.97762,0.00001
160.61000,1.98000,0.02502,0.97497,0.00000
160.81000,1.98000,0.02958,0.97041,0.00001
161.00999,1.98001,0.03142,0.96858,0.00001
161.21001,1.98000,0.04014,0.95985,0.00001
161.41000,1.98000,0.02990,0.97009,0.00001
161.61000,1.98000,0.02818,0.97181,0.00001
161.81000,1.98000,0.06606,0.93394,0.00000
162.00999,1.98001,0.02653,0.97346,0.00001
162.21001,1.98000,0.02036,0.97963,0.00000
162.41000,1.98000,0.02021,0.97979,0.00000
162.61000,1.98000,0.03793,0.96206,0.00000
162.81000,1.98000,0.02246,0.97753,0.00000
163.00999,1.98001,0.02509,0.97490,0.00001
163.21001,1.98000,0.02790,0.97209,0.00001
163.41000,1.98000,0.01867,0.98132,0.00001
163.61000,1.98000,0.02204,0.97795,0.00001
163.81000,1.98000,0.02630,0.97370,0.00001
164.00999,1.98001,0.17152,0.82846,0.00002
164.21001,1.98000,0.09379,0.90619,0.00002
164.41000,1.98000,0.07162,0.92837,0.00001
164.61000,1.98000,0.09152,0.90848,0.00000
164.81000,1.98000,0.12527,0.87473,0.00000
165.00999,1.98001,0.09354,0.90646,0.00000
165.21001,1.98000,0.09851,0.90149,0.00000
165.41000,1.98000,0.07187,0.92813,0.00000
165.61000,1.98000,0.07455,0.92545,0.00000
165.81000,1.98000,0.06759,0.93241,0.00000
166.00999,1.98001,0.01856,0.98144,0.00000
166.21001,1.98000,0.02128,0.97872,0.00001
166.41000,1.98000,0.02747,0.97252,0.00001
166.61000,1.98000,0.04673,0.95323,0.00004
166.81000,1.98000,0.03963,0.96034,0.00003
167.00999,1.98001,0.04193,0.95803,0.00004
167.21001,1.98000,0.05474,0.94517,0.00009
167.41000,1.98000,0.05432,0.94558,0.00010
167.61000,1.98000,0.03394,0.96601,0.00005
167.81000,1.98000,0.04370,0.95628,0.00002
168.00999,1.98001,0.03665,0.96330,0.00004
168.21001,1.98000,0.04925,0.95058,0.00017
168.41000,1.98000,0.05569,0.94423,0.00007
168.61000,1.98000,0.10985,0.89009,0.00006
168.81000,1.98000,0.09782,0.90191,0.00027
169.00999,1.98001,0.15918,0.84052,0.00031
169.21001,1.98000,0.20624,0.79313,0.00064
169.41000,1.98000,0.24798,0.75155,0.00047
169.61000,1.98000,0.23277,0.76694,0.00029
169.81000,1.98000,0.13532,0.86460,0.00008
170.00999,1.98001,0.10777,0.89222,0.00001
170.21001,1.98000,0.09126,0.90873,0.00001
170.41000,1.98000,0.08120,0.91879,0.00001
170.61000,1.98000,0.04519,0.95480,0.00001
170.81000,1.98000,0.05737,0.94262,0.00001
171.00999,1.98001,0.04449,0.95549,0.00001
171.21001,1.98000,0.06666,0.93332,0.00002
171.41000,1.98000,0.04515,0.95465,0.00020
171.61000,1.98000,0.08297,0.91595,0.00109
171.81000,1.98000,0.11071,0.88488,0.00440
172.00999,1.98001,0.28377,0.66457,0.05166
172.21001,1.98000,0.19015,0.74852,0.06133
172.41000,1.98000,0.13369,0.80166,0.06465
172.61000,1.98000,0.12581,0.81164,0.06255
172.81000,1.98000,0.11355,0.84087,0.04557
173.00999,1.98001,0.07714,0.89383,0.02903
173.21001,1.98000,0.05126,0.94327,0.00547
173.41000,1.98000,0.03018,0.96896,0.00086
173.61000,1.98000,0.01211,0.98779,0.00009
173.81000,1.98000,0.00560,0.99438,0.00002
174.00999,1.98001,0.00388,0.99611,0.00000
174.21001,1.98000,0.00359,0.99641,0.00000
174.41000,1.98000,0.00282,0.99718,0.00000
174.61000,1.98000,0.00224,0.99776,0.00000
174.81000,1.98000,0.00306,0.99694,0.00000
175.00999,1.98001,0.00317,0.99683,0.00000
175.21001,1.98000,0.00633,0.99367,0.00000
175.41000,1.98000,0.00929,0.99071,0.00000
175.61000,1.98000,0.01155,0.98844,0.00001
175.81000,1.98000,0.00736,0.99264,0.00000
176.00999,1.98001,0.00738,0.99262,0.00000
176.21001,1.98000,0.01082,0.98917,0.00001
176.41000,1.98000,0.01005,0.98994,0.00001
176.61000,1.98000,0.00679,0.99321,0.00000
176.81000,1.98000,0.00864,0.99136,0.00001
177.00999,1.98001,0.00755,0.99245,0.00000
177.21001,1.98000,0.01048,0.98952,0.00000
177.41000,1.98000,0.01228,0.98771,0.00001
177.61000,1.98000,0.01405,0.98594,0.00001
177.81000,1.98000,0.01702,0.98297,0.00000
178.00999,1.98001,0.00762,0.99238,0.00000
178.21001,1.98000,0.00429,0.99571,0.00000
178.41000,1.98000,0.00848,0.99151,0.00000
178.61000,1.98000,0.00695,0.99305,0.00000
178.81000,1.98000,0.00480,0.99520,0.00000
179.00999,1.98001,0.01668,0.98332,0.00000
179.21001,1.98000,0.02075,0.97925,0.00000
179.41000,1.98000,0.02419,0.97580,0.00002
179.61000,1.98000,0.02340,0.97658,0.00002
179.81000,1.98000,0.04300,0.95692,0.00009
180.00999,1.98001,0.05169,0.94817,0.00015
180.21001,1.98000,0.04458,0.95533,0.00009
180.41000,1.98000,0.04632,0.95346,0.00022
180.61000,1.98000,0.05756,0.94202,0.00042
180.81000,1.98000,0.06603,0.93340,0.00057
181.00999,1.98001,0.03535,0.96450,0.00016
181.21001,1.98000,0.02768,0.97227,0.00006
181.41000,1.98000,0.02460,0.97537,0.00003
181.61000,1.98000,0.01600,0.98398,0.00002
181.81000,1.98000,0.02590,0.97408,0.00002
182.00999,1.98001,0.03845,0.96147,0.00007
182.21001,1.98000,0.02850,0.97145,0.00005
182.41000,1.98000,0.03140,0.96856,0.00005
182.61000,1.98000,0.03228,0.96768,0.00004
182.81000,1.98000,0.03323,0.96674,0.00003
183.00999,1.98001,0.03445,0.96552,0.00003
183.21001,1.98000,0.05483,0.94510,0.00007
183.41000,1.98000,0.05822,0.94172,0.00005
183.61000,1.98000,0.07294,0.92700,0.00006
183.81000,1.98000,0.02721,0.97275,0.00004
184.00999,1.98001,0.02796,0.97196,0.00008
184.21001,1.98000,0.03553,0.96437,0.00010
184.41000,1.98000,0.03256,0.96738,0.00006
184.61000,1.98000,0.03429,0.96568,0.00003
184.81000,1.98000,0.02557,0.97438,0.00005
185.00999,1.98001,0.02017,0.97981,0.00003
185.21001,1.98000,0.03053,0.96939,0.00008
185.41000,1.98000,0.02577,0.97415,0.00009
185.61000,1.98000,0.02416,0.97573,0.00010
185.81000,1.98000,0.03859,0.96127,0.00014
186.00999,1.98001,0.04458,0.95532,0.00009
186.21001,1.98000,0.06012,0.93980,0.00008
186.41000,1.98000,0.08979,0.90977,0.00044
186.61000,1.98000,0.12453,0.87436,0.00111
186.81000,1.98000,0.12459,0.87434,0.00106
187.00999,1.98001,0.07177,0.92782,0.00041
187.21001,1.98000,0.03864,0.96126,0.00010
187.41000,1.98000,0.03742,0.96247,0.00011
187.61000,1.98000,0.03799,0.96192,0.00010
187.81000,1.98000,0.02025,0.97969,0.00006
188.00999,1.98001,0.02012,0.97981,0.00008
188.21001,1.98000,0.01466,0.98528,0.00006
188.41000,1.98000,0.01158,0.98838,0.00003
188.61000,1.98000,0.01801,0.98193,0.00006
188.81000,1.98000,0.01254,0.98743,0.00003
189.00999,1.98001,0.01135,0.98861,0.00004
189.21001,1.98000,0.01274,0.98723,0.00002
189.41000,1.98000,0.01549,0.98450,0.00001
189.61000,1.98000,0.00599,0.99399,0.00002
189.81000,1.98000,0.01015,0.98979,0.00005
190.00999,1.98001,0.00664,0.99333,0.00003
190.21001,1.98000,0.00789,0.99209,0.00001
190.41000,1.98000,0.00456,0.99544,0.00001
190.61000,1.98000,0.00676,0.99323,0.00001
190.81000,1.98000,0.00571,0.99428,0.00001
191.00999,1.98001,0.01148,0.98850,0.00002
191.21001,1.98000,0.00866,0.99133,0.00001
191.41000,1.98000,0.00699,0.99299,0.00001
191.61000,1.98000,0.01480,0.98517,0.00003
191.81000,1.98000,0.02236,0.97762,0.00002
192.00999,1.98001,0.00969,0.99030,0.00001
192.21001,1.98000,0.00899,0.99100,0.00001
192.41000,1.98000,0.01054,0.98945,0.00001
192.61000,1.98000,0.02220,0.97780,0.00001
192.81000,1.98000,0.06032,0.93967,0.00001
193.00999,1.98001,0.04483,0.95517,0.00000
193.21001,1.98000,0.04728,0.95271,0.00001
193.41000,1.98000,0.03027,0.96972,0.00000
193.61000,1.98000,0.02333,0.97667,0.00000
193.81000,1.98000,0.02906,0.97094,0.00000
194.00999,1.98001,0.04485,0.95514,0.00000
194.21001,1.98000,0.06247,0.93753,0.00001
194.41000,1.98000,0.05534,0.94465,0.00000
194.61000,1.98000,0.01760,0.98240,0.00000
194.81000,1.98000,0.01356,0.98643,0.00001
195.00999,1.98001,0.01162,0.98832,0.00006
195.21001,1.98000,0.00949,0.99046,0.00005
195.41000,1.98000,0.00844,0.99154,0.00002
195.61000,1.98000,0.00667,0.99332,0.00002
195.81000,1.98000,0.00898,0.99099,0.00003
196.00999,1.98001,0.01654,0.98336,0.00010
196.21001,1.98000,0.04231,0.95699,0.00069
196.41000,1.98000,0.03985,0.95925,0.00091
196.61000,1.98000,0.02818,0.97168,0.00014
196.81000,1.98000,0.01508,0.98483,0.00009
197.00999,1.98001,0.01867,0.98122,0.00012
197.21001,1.98000,0.02161,0.97823,0.00016
197.41000,1.98000,0.01930,0.98052,0.00018
197.61000,1.98000,0.02917,0.97056,0.00027
197.81000,1.98000,0.02100,0.97882,0.00018
198.00999,1.98001,0.01188,0.98805,0.00007
198.21001,1.98000,0.04704,0.95284,0.00013
198.41000,1.98000,0.03425,0.96546,0.00029
198.61000,1.98000,0.04756,0.95220,0.00024
198.81000,1.98000,0.03573,0.96350,0.00077
199.00999,1.98001,0.01508,0.98457,0.00035
199.21001,1.98000,0.02723,0.97191,0.00086
199.41000,1.98000,0.02743,0.97227,0.00030
199.61000,1.98000,0.01827,0.98145,0.00028
199.81000,1.98000,0.02346,0.97633,0.00021
200.00999,1.98001,0.02540,0.97454,0.00006
200.21001,1.98000,0.02020,0.97975,0.00005
200.41000,1.98000,0.01588,0.98407,0.00005
200.61000,1.98000,0.01157,0.98837,0.00006
200.81000,1.98000,0.01144,0.98849,0.00007
201.00999,1.98001,0.01548,0.98437,0.00015
201.21001,1.98000,0.01636,0.98349,0.00014
201.41000,1.98000,0.02915,0.97019,0.00066
201.61000,1.98000,0.03275,0.96585,0.00140
201.81000,1.98000,0.03887,0.95999,0.00114
202.00999,1.98001,0.05141,0.94794,0.00066
202.21001,1.98000,0.03079,0.96875,0.00046
202.41000,1.98000,0.03400,0.96522,0.00077
202.61000,1.98000,0.02200,0.97766,0.00034
202.81000,1.98000,0.03023,0.96944,0.00034
203.00999,1.98001,0.05071,0.94919,0.00009
203.21001,1.98000,0.03075,0.96891,0.00034
203.41000,1.98000,0.03797,0.96169,0.00034
203.61000,1.98000,0.04683,0.95282,0.00035
203.81000,1.98000,0.04826,0.95146,0.00027
204.00999,1.98001,0.04405,0.95580,0.00015
204.21001,1.98000,0.04018,0.95956,0.00027
204.41000,1.98000,0.03757,0.96223,0.00020
204.61000,1.98000,0.03640,0.96338,0.00022
204.81000,1.98000,0.04865,0.95128,0.00007
205.00999,1.98001,0.04295,0.95694,0.00011
205.21001,1.98000,0.02521,0.97467,0.00012
205.41000,1.98000,0.01281,0.98712,0.00007
205.61000,1.98000,0.00814,0.99183,0.00004
205.81000,1.98000,0.00799,0.99194,0.00007
206.00999,1.98001,0.00481,0.99513,0.00006
206.21001,1.98000,0.00380,0.99605,0.00015
206.41000,1.98000,0.00904,0.99041,0.00055
206.61000,1.98000,0.01627,0.98331,0.00042
206.81000,1.98000,0.00941,0.99040,0.00020
207.00999,1.98001,0.01283,0.98678,0.00038
207.21001,1.98000,0.01053,0.98928,0.00019
207.41000,1.98000,0.02937,0.97051,0.00013
207.61000,1.98000,0.02232,0.97721,0.00047
207.81000,1.98000,0.02000,0.97941,0.00058
208.00999,1.98001,0.02075,0.97799,0.00126
208.21001,1.98000,0.03038,0.96763,0.00199
208.41000,1.98000,0.05058,0.94806,0.00136
208.61000,1.98000,0.03844,0.95843,0.00313
208.81000,1.98000,0.01730,0.98052,0.00218
209.00999,1.98001,0.00882,0.99101,0.00017
209.21001,1.98000,0.02920,0.97036,0.00045
209.41000,1.98000,0.01727,0.98210,0.00063
209.61000,1.98000,0.00942,0.99035,0.00022
209.81000,1.98000,0.00881,0.99097,0.00021
210.00999,1.98001,0.01235,0.98755,0.00010
210.21001,1.98000,0.02502,0.97494,0.00003
210.41000,1.98000,0.00936,0.99059,0.00005
210.61000,1.98000,0.01252,0.98745,0.00003
210.81000,1.98000,0.01881,0.98116,0.00003
211.00999,1.98001,0.01429,0.98569,0.00002
211.21001,1.98000,0.01774,0.98221,0.00005
211.41000,1.98000,0.02184,0.97803,0.00013
211.61000,1.98000,0.02289,0.97692,0.00019
211.81000,1.98000,0.02165,0.97778,0.00057
212.00999,1.98001,0.04466,0.95463,0.00071
212.21001,1.98000,0.06863,0.93094,0.00043
212.41000,1.98000,0.03837,0.96143,0.00020
212.61000,1.98000,0.04662,0.95327,0.00012
212.81000,1.98000,0.05334,0.94645,0.00021
213.00999,1.98001,0.02542,0.97446,0.00012
213.21001,1.98000,0.01106,0.98892,0.00002
213.41000,1.98000,0.00709,0.99290,0.00001
213.61000,1.98000,0.00738,0.99262,0.00000
213.81000,1.98000,0.01190,0.98810,0.00000
214.00999,1.98001,0.00750,0.99250,0.00000
214.21001,1.98000,0.00591,0.99409,0.00000
214.41000,1.98000,0.00638,0.99362,0.00000
214.61000,1.98000,0.00638,0.99362,0.00000
214.81000,1.98000,0.00763,0.99236,0.00001
215.00999,1.98001,0.00825,0.99174,0.00001
215.21001,1.98000,0.01154,0.98845,0.00001
215.41000,1.98000,0.00933,0.99067,0.00000
215.61000,1.98000,0.00775,0.99225,0.00000
215.81000,1.98000,0.00171,0.99829,0.00000
216.00999,1.98001,0.00396,0.99603,0.00001
216.21001,1.98000,0.00437,0.99561,0.00001
216.41000,1.98000,0.00495,0.99504,0.00001
216.61000,1.98000,0.00639,0.99360,0.00001
216.81000,1.98000,0.00851,0.99147,0.00002
217.00999,1.98001,0.00985,0.99012,0.00002
217.21001,1.98000,0.01284,0.98708,0.00008
217.41000,1.98000,0.03395,0.96572,0.00033
217.61000,1.98000,0.09722,0.90073,0.00205
217.81000,1.98000,0.06329,0.93507,0.00164
218.00999,1.98001,0.08739,0.91206,0.00055
218.21001,1.98000,0.02574,0.97411,0.00016
218.41000,1.98000,0.02622,0.97368,0.00011
218.61000,1.98000,0.02906,0.97089,0.00005
218.81000,1.98000,0.01805,0.98192,0.00004
219.00999,1.98001,0.02337,0.97659,0.00004
219.21001,1.98000,0.05106,0.94877,0.00016
219.41000,1.98000,0.03055,0.96940,0.00005
219.61000,1.98000,0.02275,0.97723,0.00003
219.81000,1.98000,0.01454,0.98545,0.00001
220.00999,1.98001,0.02640,0.97358,0.00002
220.21001,1.98000,0.03483,0.96512,0.00005
220.41000,1.98000,0.02260,0.97733,0.00007
220.61000,1.98000,0.01133,0.98856,0.00010
220.81000,1.98000,0.03217,0.96701,0.00082
221.00999,1.98001,0.05212,0.94675,0.00113
221.21001,1.98000,0.06330,0.93543,0.00127
221.41000,1.98000,0.05888,0.94010,0.00102
221.61000,1.98000,0.08731,0.91166,0.00103
221.81000,1.98000,0.18269,0.81628,0.00103
222.00999,1.98001,0.12824,0.87120,0.00055
222.21001,1.98000,0.04176,0.95805,0.00019
222.41000,1.98000,0.05090,0.94884,0.00026
222.61000,1.98000,0.06865,0.93085,0.00050
222.81000,1.98000,0.02411,0.97579,0.00010
223.00999,1.98001,0.01251,0.98746,0.00002
223.21001,1.98000,0.01258,0.98741,0.00001
223.41000,1.98000,0.01703,0.98294,0.00003
223.61000,1.98000,0.02873,0.97124,0.00002
223.81000,1.98000,0.01535,0.98458,0.00007
224.00999,1.98001,0.01845,0.98149,0.00006
224.21001,1.98000,0.02803,0.97187,0.00010
224.41000,1.98000,0.01541,0.98455,0.00003
224.61000,1.98000,0.01123,0.98876,0.00002
224.81000,1.98000,0.01537,0.98459,0.00004
225.00999,1.98001,0.02010,0.97973,0.00017
225.21001,1.98000,0.01608,0.98379,0.00012
225.41000,1.98000,0.01686,0.98304,0.00011
225.61000,1.98000,0.01119,0.98880,0.00001
225.81000,1.98000,0.01390,0.98607,0.00003
226.00999,1.98001,0.02025,0.97968,0.00007
226.21001,1.98000,0.02029,0.97968,0.00003
226.41000,1.98000,0.01645,0.98351,0.00004
226.61000,1.98000,0.01980,0.98010,0.00010
226.81000,1.98000,0.02643,0.97353,0.00004
227.00999,1.98001,0.01615,0.98382,0.00004
227.21001,1.98000,0.01568,0.98429,0.00004
227.41000,1.98000,0.00979,0.99019,0.00003
227.61000,1.98000,0.00850,0.99149,0.00001
227.81000,1.98000,0.01006,0.98992,0.00003
228.00999,1.98001,0.02430,0.97533,0.00037
228.21001,1.98000,0.04783,0.94990,0.00227
228.41000,1.98000,0.05177,0.94441,0.00382
228.61000,1.98000,0.09855,0.89986,0.00159
228.81000,1.98000,0.06506,0.93284,0.00210
229.00999,1.98001,0.08779,0.90860,0.00360
229.21001,1.98000,0.20240,0.77646,0.02114
229.41000,1.98000,0.36230,0.57485,0.06284
229.61000,1.98000,0.47016,0.50759,0.02224
229.81000,1.98000,0.26773,0.72149,0.01078
230.00999,1.98001,0.25613,0.73125,0.01262
230.21001,1.98000,0.30533,0.68478,0.00990
230.41000,1.98000,0.18234,0.81636,0.00130
230.61000,1.98000,0.17433,0.82462,0.00106
230.81000,1.98000,0.21306,0.78509,0.00185
231.00999,1.98001,0.07275,0.92674,0.00052
231.21001,1.98000,0.01911,0.98079,0.00010
231.41000,1.98000,0.00864,0.99134,0.00002
231.61000,1.98000,0.00587,0.99412,0.00001
231.81000,1.98000,0.00586,0.99413,0.00002
232.00999,1.98001,0.00582,0.99415,0.00003
232.21001,1.98000,0.00454,0.99544,0.00002
232.41000,1.98000,0.00526,0.99471,0.00002
232.61000,1.98000,0.01088,0.98911,0.00001
232.81000,1.98000,0.01737,0.98260,0.00003
233.00999,1.98001,0.01954,0.98039,0.00007
233.21001,1.98000,0.01377,0.98616,0.00007
233.41000,1.98000,0.01408,0.98588,0.00004
233.61000,1.98000,0.03856,0.96142,0.00002
233.81000,1.98000,0.01651,0.98346,0.00003
234.00999,1.98001,0.03748,0.96250,0.00002
234.21001,1.98000,0.07077,0.92915,0.00008
234.41000,1.98000,0.09212,0.90785,0.00003
234.61000,1.98000,0.01289,0.98710,0.00000
234.81000,1.98000,0.00919,0.99081,0.00000
235.00999,1.98001,0.06968,0.93031,0.00001
235.21001,1.98000,0.12658,0.87340,0.00002
235.41000,1.98000,0.12430,0.87569,0.00001
235.61000,1.98000,0.00959,0.99041,0.00000
235.81000,1.98000,0.00660,0.99340,0.00000
236.00999,1.98001,0.00457,0.99543,0.00000
236.21001,1.98000,0.00105,0.99895,0.00000
236.41000,1.98000,0.00151,0.99849,0.00000
236.61000,1.98000,0.00591,0.99408,0.00000
236.81000,1.98000,0.00845,0.99154,0.00001
237.00999,1.98001,0.00365,0.99635,0.00000
237.21001,1.98000,0.00192,0.99808,0.00000
237.41000,1.98000,0.00621,0.99379,0.00001
237.61000,1.98000,0.02950,0.97044,0.00006
237.81000,1.98000,0.01105,0.98894,0.00001
238.00999,1.98001,0.01100,0.98899,0.00001
238.21001,1.98000,0.01685,0.98314,0.00001
238.41000,1.98000,0.02023,0.97976,0.00001
238.61000,1.98000,0.00305,0.99695,0.00000
238.81000,1.98000,0.00123,0.99877,0.00000
239.00999,1.98001,0.00075,0.99925,0.00000
239.21001,1.98000,0.00157,0.99843,0.00000
239.41000,1.98000,0.00096,0.99904,0.00000
239.61000,1.98000,0.00068,0.99932,0.00000
239.81000,1.98000,0.00061,0.99939,0.00000
240.00999,1.98001,0.00082,0.99918,0.00000
240.21001,1.98000,0.00088,0.99912,0.00000
240.41000,1.98000,0.00051,0.99949,0.00000
240.61000,1.98000,0.00058,0.99942,0.00000
240.81000,1.98000,0.00162,0.99838,0.00000
241.00999,1.98001,0.00424,0.99575,0.00000
241.21001,1.98000,0.00109,0.99891,0.00000
241.41000,1.98000,0.00117,0.99883,0.00000
241.61000,1.98000,0.00337,0.99663,0.00001
241.81000,1.98000,0.00392,0.99607,0.00001
242.00999,1.98001,0.00086,0.99914,0.00000
242.21001,1.98000,0.00090,0.99910,0.00000
242.41000,1.98000,0.00602,0.99398,0.00000
242.61000,1.98000,0.00771,0.99228,0.00001
242.81000,1.98000,0.00312,0.99687,0.00000
243.00999,1.98001,0.00226,0.99774,0.00000
243.21001,1.98000,0.00475,0.99524,0.00001
243.41000,1.98000,0.00678,0.99320,0.00001
243.61000,1.98000,0.00430,0.99569,0.00000
243.81000,1.98000,0.00130,0.99870,0.00000
244.00999,1.98001,0.00205,0.99795,0.00000
244.21001,1.98000,0.00479,0.99521,0.00000
244.41000,1.98000,0.00358,0.99641,0.00001
244.61000,1.98000,0.00488,0.99511,0.00001
244.81000,1.98000,0.00908,0.99087,0.00005
245.00999,1.98001,0.01453,0.98527,0.00020
245.21001,1.98000,0.00994,0.99003,0.00003
245.41000,1.98000,0.00685,0.99311,0.00004
245.61000,1.98000,0.03037,0.96951,0.00012
245.81000,1.98000,0.10537,0.89374,0.00089
246.00999,1.98001,0.16331,0.83479,0.00190
246.21001,1.98000,0.12196,0.87662,0.00143
246.41000,1.98000,0.15645,0.84188,0.00167
246.61000,1.98000,0.14386,0.85444,0.00170
246.81000,1.98000,0.06946,0.93034,0.00020
247.00999,1.98001,0.12754,0.87204,0.00042
247.21001,1.98000,0.13109,0.86827,0.00064
247.41000,1.98000,0.09914,0.90051,0.00035
247.61000,1.98000,0.09659,0.90306,0.00034
247.81000,1.98000,0.18571,0.81410,0.00019
248.00999,1.98001,0.12204,0.87738,0.00058
248.21001,1.98000,0.11854,0.88050,0.00096
248.41000,1.98000,0.06077,0.93887,0.00036
248.61000,1.98000,0.06751,0.93190,0.00059
248.81000,1.98000,0.06799,0.92960,0.00241
249.00999,1.98001,0.05056,0.94881,0.00063
249.21001,1.98000,0.06655,0.93259,0.00086
249.41000,1.98000,0.06381,0.93523,0.00097
249.61000,1.98000,0.06124,0.93720,0.00155
249.81000,1.98000,0.04442,0.95362,0.00196
250.00999,1.98001,0.06019,0.93689,0.00292
250.21001,1.98000,0.08504,0.90811,0.00685
250.41000,1.98000,0.11817,0.83642,0.04541
250.61000,1.98000,0.11784,0.82349,0.05867
250.81000,1.98000,0.11856,0.84984,0.03160
251.00999,1.98001,0.10291,0.81713,0.07996
251.21001,1.98000,0.09124,0.82027,0.08848
251.41000,1.98000,0.09586,0.80728,0.09687
251.61000,1.98000,0.10072,0.83785,0.06143
251.81000,1.98000,0.10713,0.83559,0.05728
252.00999,1.98001,0.04718,0.89420,0.05862
252.21001,1.98000,0.05336,0.90307,0.04356
252.41000,1.98000,0.06124,0.92290,0.01586
252.61000,1.98000,0.05506,0.92591,0.01903
252.81000,1.98000,0.05446,0.91653,0.02901
253.00999,1.98001,0.06820,0.90902,0.02277
253.21001,1.98000,0.07954,0.89078,0.02968
253.41000,1.98000,0.06178,0.89114,0.04707
253.61000,1.98000,0.05799,0.89396,0.04804
253.81000,1.98000,0.06620,0.89200,0.04180
254.00999,1.98001,0.07937,0.90083,0.01980
254.21001,1.98000,0.06418,0.91654,0.01927
254.41000,1.98001,0.06073,0.89899,0.04028
254.61000,1.98000,0.06929,0.88808,0.04262
254.81000,1.98001,0.07199,0.89142,0.03658
255.00999,1.98000,0.06507,0.88697,0.04796
255.21001,1.98000,0.05875,0.89925,0.04200
255.41000,1.98001,0.06890,0.90742,0.02368
255.61000,1.98000,0.16060,0.83100,0.00840
255.81000,1.98001,0.10733,0.88760,0.00508
256.01001,1.97998,0.13092,0.84500,0.02407
256.20999,1.98001,0.12601,0.84272,0.03126
256.41000,1.98001,0.13217,0.84780,0.02003
256.60999,1.98001,0.13939,0.84749,0.01312
256.81000,1.98001,0.10853,0.88102,0.01045
257.01001,1.97998,0.12520,0.86135,0.01345
257.20999,1.98001,0.12807,0.86593,0.00600
257.41000,1.98001,0.28206,0.71198,0.00596
257.60999,1.98001,0.14364,0.84403,0.01233
257.81000,1.98001,0.10796,0.87923,0.01280
258.01001,1.97998,0.11216,0.87546,0.01238
258.20999,1.98001,0.10860,0.88313,0.00827
258.41000,1.98001,0.04911,0.94748,0.00341
258.60999,1.98001,0.04207,0.95589,0.00204
258.81000,1.98001,0.04050,0.95793,0.00157
259.01001,1.97998,0.03834,0.95971,0.00195
259.20999,1.98001,0.03132,0.96788,0.00079
259.41000,1.98001,0.03276,0.96688,0.00036
259.60999,1.98001,0.03262,0.96684,0.00055
259.81000,1.98001,0.03165,0.96764,0.00071
260.01001,1.97998,0.03507,0.96439,0.00054
260.20999,1.98001,0.06837,0.93042,0.00120
260.41000,1.98001,0.07229,0.92612,0.00160
260.60999,1.98001,0.07274,0.92529,0.00196
260.81000,1.98001,0.07167,0.92658,0.00175
261.01001,1.97998,0.08039,0.91487,0.00474
261.20999,1.98001,0.08589,0.90854,0.00557
261.41000,1.98001,0.08193,0.91544,0.00263
261.60999,1.98001,0.08310,0.91362,0.00328
261.81000,1.98001,0.07194,0.92362,0.00444
262.01001,1.97998,0.06946,0.92498,0.00556
262.20999,1.98001,0.11972,0.84729,0.03299
262.41000,1.98001,0.08570,0.84904,0.06526
262.60999,1.98001,0.08664,0.85537,0.05799
262.81000,1.98001,0.09126,0.87979,0.02895
263.01001,1.97998,0.08551,0.87631,0.03818
263.20999,1.98001,0.07939,0.87633,0.04428
263.41000,1.98001,0.05924,0.88281,0.05795
263.60999,1.98001,0.05919,0.88424,0.05657
263.81000,1.98001,0.06966,0.87343,0.05691
264.01001,1.97998,0.06321,0.90333,0.03347
264.20999,1.98001,0.05470,0.91628,0.02902
264.41000,1.98001,0.05484,0.91589,0.02927
264.60999,1.98001,0.04933,0.90916,0.04151
264.81000,1.98001,0.05262,0.92361,0.02377
265.01001,1.97998,0.04458,0.93461,0.02081
265.20999,1.98001,0.04448,0.92413,0.03139
265.41000,1.98001,0.04420,0.88879,0.06702
265.60999,1.98001,0.02133,0.96617,0.01250
265.81000,1.98001,0.02462,0.97106,0.00431
266.01001,1.97998,0.02733,0.95865,0.01402
266.20999,1.98001,0.03605,0.95803,0.00593
266.41000,1.98001,0.03825,0.95571,0.00604
266.60999,1.98001,0.04157,0.95378,0.00464
266.81000,1.98001,0.05634,0.92234,0.02132
267.01001,1.97998,0.07672,0.88103,0.04225
267.20999,1.98001,0.07605,0.90717,0.01678
267.41000,1.98001,0.17444,0.74356,0.08200
267.60999,1.98001,0.08767,0.82873,0.08360
267.81000,1.98001,0.05064,0.91695,0.03241
268.01001,1.97998,0.06658,0.92452,0.00890
268.20999,1.98001,0.06253,0.92817,0.00930
268.41000,1.98001,0.04046,0.94162,0.01792
268.60999,1.98001,0.03991,0.93852,0.02157
268.81000,1.98001,0.03944,0.94293,0.01763
269.01001,1.97998,0.03867,0.94962,0.01171
269.20999,1.98001,0.04016,0.94969,0.01015
269.41000,1.98001,0.12446,0.86185,0.01369
269.60999,1.98001,0.23603,0.72556,0.03841
269.81000,1.98001,0.25520,0.67957,0.06523
270.01001,1.97998,0.25938,0.66219,0.07843
270.20999,1.98001,0.17813,0.78261,0.03927
270.41000,1.98001,0.14998,0.84284,0.00718
270.60999,1.98001,0.10082,0.89728,0.00190
270.81000,1.98001,0.10625,0.89228,0.00147
271.01001,1.97998,0.11528,0.88274,0.00199
271.20999,1.98001,0.18062,0.81778,0.00160
271.41000,1.98001,0.07961,0.91857,0.00182
271.60999,1.98001,0.07305,0.92507,0.00187
271.81000,1.98001,0.07007,0.92805,0.00188
272.01001,1.97998,0.03988,0.95945,0.00067
272.20999,1.98001,0.02874,0.97074,0.00052
272.41000,1.98001,0.03207,0.96725,0.00068
272.60999,1.98001,0.03588,0.96275,0.00137
272.81000,1.98001,0.04372,0.95348,0.00279
273.01001,1.97998,0.03746,0.95981,0.00273
273.20999,1.98001,0.03457,0.96379,0.00164
273.41000,1.98001,0.02888,0.96971,0.00141
273.60999,1.98001,0.03162,0.96702,0.00135
273.81000,1.98001,0.03555,0.96303,0.00142
274.01001,1.97998,0.03736,0.96130,0.00134
274.20999,1.98001,0.05749,0.93920,0.00331
274.41000,1.98001,0.08894,0.88897,0.02209
274.60999,1.98001,0.14608,0.79125,0.06267
274.81000,1.98001,0.13375,0.83616,0.03009
275.01001,1.97998,0.16510,0.82793,0.00697
275.20999,1.98001,0.10979,0.88392,0.00629
275.41000,1.98001,0.11552,0.87909,0.00539
275.60999,1.98001,0.16363,0.82327,0.01310
275.81000,1.98001,0.13983,0.84613,0.01404
276.01001,1.97998,0.11804,0.87186,0.01010
276.20999,1.98001,0.09433,0.90312,0.00255
276.41000,1.98001,0.06886,0.92984,0.00130
276.60999,1.98001,0.04292,0.95638,0.00070
276.81000,1.98001,0.06612,0.93327,0.00061
277.01001,1.97998,0.05158,0.94790,0.00052
277.20999,1.98001,0.04367,0.95516,0.00118
277.41000,1.98001,0.02477,0.97433,0.00090
277.60999,1.98001,0.03120,0.96835,0.00046
277.81000,1.98001,0.04892,0.95078,0.00029
278.01001,1.97998,0.03647,0.96325,0.00028
278.20999,1.98001,0.02475,0.97477,0.00048
278.41000,1.98001,0.02244,0.97728,0.00028
278.60999,1.98001,0.02200,0.97771,0.00028
278.81000,1.98001,0.02979,0.96955,0.00067
279.01001,1.97998,0.05933,0.93843,0.00225
279.20999,1.98001,0.03680,0.96224,0.00096
279.41000,1.98001,0.07409,0.92343,0.00248
279.60999,1.98001,0.08752,0.90900,0.00348
279.81000,1.98001,0.01551,0.98325,0.00124
280.01001,1.97998,0.01040,0.98896,0.00063
280.20999,1.98001,0.01083,0.98867,0.00050
280.41000,1.98001,0.01419,0.98431,0.00151
280.60999,1.98001,0.01110,0.98800,0.00089
280.81000,1.98001,0.00974,0.98962,0.00065
281.01001,1.97998,0.00830,0.99153,0.00017
281.20999,1.98001,0.00708,0.99256,0.00036
281.41000,1.98001,0.00774,0.99200,0.00026
281.60999,1.98001,0.02232,0.97740,0.00028
281.81000,1.98001,0.02899,0.97085,0.00015
282.01001,1.97998,0.02885,0.97040,0.00075
282.20999,1.98001,0.02085,0.97883,0.00032
282.41000,1.98001,0.01292,0.98699,0.00009
282.60999,1.98001,0.02942,0.97049,0.00009
282.81000,1.98001,0.05251,0.94737,0.00012
283.01001,1.97998,0.03989,0.96003,0.00008
283.20999,1.98001,0.02057,0.97933,0.00010
283.41000,1.98001,0.02187,0.97807,0.00006
283.60999,1.98001,0.07401,0.92580,0.00020
283.81000,1.98001,0.05209,0.94767,0.00023
284.01001,1.97998,0.04469,0.95511,0.00020
284.20999,1.98001,0.04466,0.95514,0.00021
284.41000,1.98001,0.06288,0.93695,0.00017
284.60999,1.98001,0.05218,0.94774,0.00007
284.81000,1.98001,0.03103,0.96889,0.00007
285.01001,1.97998,0.03230,0.96760,0.00010
285.20999,1.98001,0.05000,0.94989,0.00011
285.41000,1.98001,0.11196,0.88794,0.00010
285.60999,1.98001,0.04105,0.95876,0.00018
285.81000,1.98001,0.03016,0.96975,0.00009
286.01001,1.97998,0.03373,0.96617,0.00010
286.20999,1.98001,0.04457,0.95534,0.00008
286.41000,1.98001,0.02904,0.97094,0.00003
286.60999,1.98001,0.01937,0.98059,0.00004
286.81000,1.98001,0.02533,0.97464,0.00003
287.01001,1.97998,0.01929,0.98070,0.00001
287.20999,1.98001,0.01860,0.98139,0.00001
287.41000,1.98001,0.01886,0.98112,0.00002
287.60999,1.98001,0.01588,0.98410,0.00001
287.81000,1.98001,0.01302,0.98696,0.00001
288.01001,1.97998,0.01020,0.98979,0.00001
288.20999,1.98001,0.02141,0.97857,0.00002
288.41000,1.98001,0.02992,0.97003,0.00005
288.60999,1.98001,0.03802,0.96192,0.00005
288.81000,1.98001,0.05353,0.94642,0.00006
289.01001,1.97998,0.18388,0.81603,0.00009
289.20999,1.98001,0.15851,0.84136,0.00013
289.41000,1.98001,0.12459,0.87535,0.00006
289.60999,1.98001,0.19361,0.80627,0.00011
289.81000,1.98001,0.25216,0.74773,0.00010
290.01001,1.97998,0.33646,0.66337,0.00017
290.20999,1.98001,0.35278,0.64656,0.00067
290.41000,1.98001,0.26543,0.73391,0.00066
290.60999,1.98001,0.17494,0.82471,0.00035
290.81000,1.98001,0.15133,0.84859,0.00008
291.01001,1.97998,0.02785,0.97207,0.00007
291.20999,1.98001,0.03354,0.96620,0.00026
291.41000,1.98001,0.01559,0.98429,0.00012
291.60999,1.98001,0.01765,0.98221,0.00014
291.81000,1.98001,0.01866,0.98116,0.00018
292.01001,1.97998,0.01134,0.98863,0.00004
292.20999,1.98001,0.01062,0.98934,0.00004
292.41000,1.98001,0.01546,0.98451,0.00004
292.60999,1.98001,0.02884,0.97103,0.00012
292.81000,1.98001,0.07469,0.92293,0.00238
293.01001,1.97998,0.04143,0.95787,0.00070
293.20999,1.98001,0.03804,0.96162,0.00034
293.41000,1.98001,0.26640,0.73317,0.00043
293.60999,1.98001,0.77404,0.22591,0.00005
