Time (seconds), Duration (seconds),pred_unlabelled,pred_circle,pred_shaking
0.01000,1.98000,0.86877,0.00158,0.12965
0.21000,1.98000,0.42552,0.00219,0.57229
0.41000,1.98000,0.37763,0.00101,0.62136
0.61000,1.98000,0.41214,0.00104,0.58682
0.81000,1.98000,0.38167,0.00091,0.61741
1.01000,1.98000,0.41040,0.00067,0.58893
1.21000,1.98000,0.40126,0.00065,0.59808
1.41000,1.98000,0.45613,0.00058,0.54328
1.61000,1.98000,0.39661,0.00050,0.60289
1.81000,1.98000,0.41452,0.00051,0.58498
2.01000,1.98000,0.37345,0.00029,0.62626
2.21000,1.98000,0.37465,0.00031,0.62504
2.41000,1.98000,0.34501,0.00026,0.65474
2.61000,1.98000,0.39742,0.00045,0.60213
2.81000,1.98000,0.32876,0.00023,0.67101
3.01000,1.98000,0.41841,0.00043,0.58116
3.21000,1.98000,0.31816,0.00020,0.68164
3.41000,1.98000,0.36932,0.00042,0.63026
3.61000,1.98000,0.55968,0.00152,0.43880
3.81000,1.98000,0.55246,0.00271,0.44483
4.01000,1.98000,0.63331,0.00403,0.36266
4.21000,1.98000,0.79326,0.01188,0.19486
4.41000,1.98000,0.86504,0.04633,0.08863
4.61000,1.98000,0.83971,0.11299,0.04730
4.81000,1.98000,0.69668,0.26838,0.03493
5.01000,1.98000,0.40569,0.57540,0.01891
5.21000,1.98000,0.15684,0.84004,0.00312
5.41000,1.98000,0.13422,0.86253,0.00325
5.61000,1.98000,0.07428,0.92480,0.00092
5.81000,1.98000,0.03033,0.96949,0.00018
6.01000,1.98000,0.02894,0.97079,0.00027
6.21000,1.98000,0.04172,0.95742,0.00086
6.41000,1.98000,0.08162,0.91594,0.00243
6.61000,1.98000,0.07168,0.92684,0.00148
6.81000,1.98000,0.06908,0.92977,0.00115
7.01000,1.98000,0.04675,0.95268,0.00056
7.21000,1.98000,0.02177,0.97809,0.00014
7.41000,1.98000,0.03198,0.96770,0.00031
7.61000,1.98000,0.06270,0.93589,0.00141
7.81000,1.98000,0.07625,0.92109,0.00266
8.01000,1.98000,0.07774,0.92132,0.00094
8.21000,1.98000,0.06689,0.93182,0.00129
8.41000,1.98000,0.04972,0.94919,0.00109
8.61000,1.98000,0.02853,0.97120,0.00026
8.81000,1.98000,0.02884,0.97090,0.00027
9.01000,1.98000,0.08619,0.91164,0.00218
9.21000,1.98000,0.10356,0.88914,0.00730
9.41000,1.98000,0.09743,0.89831,0.00426
9.61000,1.98000,0.07967,0.91270,0.00763
9.81000,1.98000,0.05928,0.93594,0.00478
10.01000,1.98000,0.05606,0.94244,0.00150
10.21000,1.98000,0.05410,0.94335,0.00255
10.41000,1.98000,0.06756,0.92798,0.00446
10.61000,1.98000,0.07131,0.92012,0.00857
10.81000,1.98000,0.05449,0.94185,0.00366
11.01000,1.98000,0.03979,0.95655,0.00366
11.21000,1.98000,0.03267,0.96625,0.00107
11.41000,1.98000,0.03159,0.96807,0.00034
11.61000,1.98000,0.03121,0.96817,0.00062
11.81000,1.98000,0.03502,0.96215,0.00284
12.01000,1.98000,0.03358,0.96329,0.00312
12.21000,1.98000,0.04134,0.95562,0.00304
12.41000,1.98000,0.05414,0.93766,0.00820
12.61000,1.98000,0.04171,0.95229,0.00600
12.81000,1.98000,0.04459,0.95249,0.00292
13.01000,1.98000,0.03930,0.95243,0.00827
13.21000,1.98000,0.03312,0.94848,0.01840
13.41000,1.98000,0.02872,0.95869,0.01259
13.61000,1.98000,0.03467,0.95336,0.01198
13.81000,1.98000,0.02761,0.95288,0.01952
14.01000,1.98000,0.01771,0.97631,0.00598
14.21000,1.98000,0.01939,0.97907,0.00154
14.41000,1.98000,0.03411,0.96198,0.00391
14.61000,1.98000,0.04637,0.93368,0.01995
14.81000,1.98000,0.05843,0.93375,0.00782
15.01000,1.98000,0.08158,0.91096,0.00746
15.21000,1.98000,0.12201,0.86693,0.01106
15.41000,1.98000,0.11984,0.87127,0.00889
15.61000,1.98000,0.13425,0.86260,0.00315
15.81000,1.98000,0.19989,0.79574,0.00437
16.01000,1.98000,0.23743,0.74715,0.01542
16.21000,1.98000,0.25940,0.72921,0.01139
16.41000,1.98000,0.16612,0.82888,0.00499
16.61000,1.98000,0.16152,0.83414,0.00434
16.81000,1.98000,0.12954,0.86549,0.00497
17.01000,1.98000,0.11313,0.88515,0.00172
17.21000,1.98000,0.11413,0.88315,0.00272
17.41000,1.98000,0.13132,0.86571,0.00297
17.61000,1.98000,0.14148,0.85602,0.00250
17.81000,1.98000,0.12127,0.87641,0.00232
18.01000,1.98000,0.10481,0.89245,0.00274
18.21000,1.98000,0.07142,0.92684,0.00174
18.41000,1.98000,0.09326,0.90581,0.00093
18.61000,1.98000,0.12225,0.87392,0.00383
18.81000,1.98000,0.15823,0.83263,0.00913
19.01000,1.98000,0.13523,0.84698,0.01779
19.21000,1.98000,0.10284,0.88395,0.01321
19.41000,1.98000,0.07609,0.91609,0.00783
19.61000,1.98000,0.06943,0.92354,0.00704
19.81000,1.98000,0.05463,0.93756,0.00781
20.01000,1.98000,0.07719,0.90926,0.01356
20.21000,1.98000,0.10411,0.88720,0.00869
20.41000,1.98000,0.04751,0.94252,0.00997
20.61000,1.98000,0.03915,0.95392,0.00693
20.81000,1.98000,0.03585,0.96161,0.00254
21.01000,1.98000,0.04438,0.95408,0.00154
21.21000,1.98000,0.05643,0.93919,0.00438
21.41000,1.98000,0.05584,0.93790,0.00626
21.61000,1.98000,0.06872,0.92653,0.00475
21.81000,1.98000,0.06213,0.93094,0.00693
22.01000,1.98000,0.05591,0.93972,0.00438
22.21000,1.98000,0.05319,0.94272,0.00409
22.41000,1.98000,0.05084,0.94524,0.00392
22.61000,1.98000,0.05242,0.93640,0.01118
22.81000,1.98000,0.05189,0.93195,0.01616
23.01000,1.98000,0.05093,0.93128,0.01779
23.21000,1.98000,0.04357,0.93966,0.01678
23.41000,1.98000,0.03112,0.96326,0.00562
23.61000,1.98000,0.03592,0.95935,0.00472
23.81000,1.98000,0.03806,0.95645,0.00548
24.01000,1.98000,0.03147,0.96349,0.00504
24.21000,1.98000,0.27467,0.72419,0.00115
24.41000,1.98000,0.82443,0.17548,0.00009
24.61000,1.98000,0.98698,0.01302,0.00000
24.81000,1.98000,0.99926,0.00074,0.00000
25.01000,1.98000,0.99997,0.00003,0.00000
25.21000,1.98000,1.00000,0.00000,0.00000
25.41000,1.98000,1.00000,0.00000,0.00000
25.61000,1.98000,1.00000,0.00000,0.00000
25.81000,1.98000,1.00000,0.00000,0.00000
26.01000,1.98000,1.00000,0.00000,0.00000
26.21000,1.98000,1.00000,0.00000,0.00000
26.41000,1.98000,1.00000,0.00000,0.00000
26.61000,1.98000,1.00000,0.00000,0.00000
26.81000,1.98000,1.00000,0.00000,0.00000
27.01000,1.98000,1.00000,0.00000,0.00000
27.21000,1.98000,1.00000,0.00000,0.00000
27.41000,1.98000,1.00000,0.00000,0.00000
27.61000,1.98000,1.00000,0.00000,0.00000
27.81000,1.98000,1.00000,0.00000,0.00000
28.01000,1.98000,1.00000,0.00000,0.00000
28.21000,1.98000,1.00000,0.00000,0.00000
28.41000,1.98000,1.00000,0.00000,0.00000
28.61000,1.98000,1.00000,0.00000,0.00000
28.81000,1.98000,1.00000,0.00000,0.00000
29.01000,1.98000,1.00000,0.00000,0.00000
29.21000,1.98000,1.00000,0.00000,0.00000
29.41000,1.98000,0.99999,0.00000,0.00000
29.61000,1.98000,0.99981,0.00004,0.00014
29.81000,1.98000,0.99166,0.00031,0.00803
30.01000,1.98000,0.63801,0.00288,0.35911
30.21000,1.98000,0.40056,0.00088,0.59857
30.41000,1.98000,0.38560,0.00078,0.61362
30.61000,1.98000,0.36736,0.00069,0.63195
30.81000,1.98000,0.39929,0.00081,0.59991
31.01000,1.98000,0.37831,0.00025,0.62144
31.21000,1.98000,0.40907,0.00125,0.58968
31.41000,1.98000,0.39292,0.00028,0.60680
31.61000,1.98000,0.40056,0.00126,0.59817
31.81000,1.98000,0.42508,0.00083,0.57409
32.01000,1.98000,0.43651,0.00063,0.56285
32.21000,1.98000,0.43841,0.00033,0.56126
32.41000,1.98000,0.44029,0.00008,0.55963
32.61000,1.98000,0.45290,0.00011,0.54699
32.81000,1.98000,0.35055,0.00002,0.64943
33.01000,1.98000,0.91744,0.00002,0.08254
33.21000,1.98000,0.99743,0.00000,0.00257
33.41000,1.98000,0.99993,0.00000,0.00006
33.61000,1.98000,1.00000,0.00000,0.00000
33.81000,1.98000,1.00000,0.00000,0.00000
34.01000,1.98000,1.00000,0.00000,0.00000
34.21000,1.98000,1.00000,0.00000,0.00000
34.41000,1.98000,1.00000,0.00000,0.00000
34.61000,1.98000,1.00000,0.00000,0.00000
34.81000,1.98000,1.00000,0.00000,0.00000
35.01000,1.98000,1.00000,0.00000,0.00000
35.21000,1.98000,1.00000,0.00000,0.00000
35.41000,1.98000,1.00000,0.00000,0.00000
35.61000,1.98000,1.00000,0.00000,0.00000
35.81000,1.98000,1.00000,0.00000,0.00000
36.01000,1.98000,1.00000,0.00000,0.00000
36.21000,1.98000,1.00000,0.00000,0.00000
36.41000,1.98000,1.00000,0.00000,0.00000
36.61000,1.98000,1.00000,0.00000,0.00000
36.81000,1.98000,1.00000,0.00000,0.00000
37.01000,1.98000,1.00000,0.00000,0.00000
37.21000,1.98000,1.00000,0.00000,0.00000
37.41000,1.98000,1.00000,0.00000,0.00000
37.61000,1.98000,1.00000,0.00000,0.00000
37.81000,1.98000,1.00000,0.00000,0.00000
38.01000,1.98000,1.00000,0.00000,0.00000
38.21000,1.98000,1.00000,0.00000,0.00000
38.41000,1.98000,1.00000,0.00000,0.00000
38.61000,1.98000,1.00000,0.00000,0.00000
38.81000,1.98000,1.00000,0.00000,0.00000
39.01000,1.98000,1.00000,0.00000,0.00000
39.21000,1.98000,1.00000,0.00000,0.00000
39.41000,1.98000,1.00000,0.00000,0.00000
39.61000,1.98000,1.00000,0.00000,0.00000
39.81000,1.98000,1.00000,0.00000,0.00000
40.01000,1.98000,0.99998,0.00002,0.00000
40.21000,1.98000,0.99996,0.00004,0.00000
40.41000,1.98000,0.99992,0.00008,0.00000
40.61000,1.98000,0.99991,0.00009,0.00000
40.81000,1.98000,0.99998,0.00002,0.00000
41.01000,1.98000,0.99997,0.00003,0.00000
41.21000,1.98000,0.99999,0.00001,0.00000
41.41000,1.98000,1.00000,0.00000,0.00000
41.61000,1.98000,1.00000,0.00000,0.00000
41.81000,1.98000,1.00000,0.00000,0.00000
