Time (seconds), Duration (seconds),pred_unlabelled,pred_circle,pred_shaking
0.01000,1.98000,0.41751,0.58234,0.00015
0.21000,1.98000,0.10835,0.89162,0.00003
0.41000,1.98000,0.07843,0.92149,0.00008
0.61000,1.98000,0.06429,0.93564,0.00007
0.81000,1.98000,0.11236,0.88759,0.00006
1.01000,1.98000,0.01977,0.98006,0.00018
1.21000,1.98000,0.02751,0.97149,0.00100
1.41000,1.98000,0.03400,0.96303,0.00297
1.61000,1.98000,0.03247,0.96627,0.00126
1.81000,1.98000,0.03612,0.96295,0.00093
2.01000,1.98000,0.09802,0.89840,0.00358
2.21000,1.98000,0.18723,0.80673,0.00604
2.41000,1.98000,0.07272,0.92282,0.00446
2.61000,1.98000,0.06021,0.93779,0.00200
2.81000,1.98000,0.06274,0.93330,0.00396
3.01000,1.98000,0.07036,0.92300,0.00664
3.21000,1.98000,0.05418,0.94322,0.00260
3.41000,1.98000,0.06536,0.92852,0.00612
3.61000,1.98000,0.05967,0.93547,0.00487
3.81000,1.98000,0.04939,0.94724,0.00338
4.01000,1.98000,0.03690,0.95756,0.00553
4.21000,1.98000,0.04380,0.93906,0.01715
4.41000,1.98000,0.05074,0.93979,0.00947
4.61000,1.98000,0.06633,0.91476,0.01891
4.81000,1.98000,0.05162,0.94398,0.00440
5.01000,1.98000,0.03988,0.95804,0.00208
5.21000,1.98000,0.03397,0.96436,0.00166
5.41000,1.98000,0.03085,0.96823,0.00092
5.61000,1.98000,0.02997,0.96809,0.00194
5.81000,1.98000,0.02622,0.97222,0.00157
6.01000,1.98000,0.01685,0.98302,0.00012
6.21000,1.98000,0.01921,0.98060,0.00019
6.41000,1.98000,0.02246,0.97728,0.00026
6.61000,1.98000,0.01876,0.98116,0.00008
6.81000,1.98000,0.02480,0.97501,0.00019
7.01000,1.98000,0.03280,0.96656,0.00064
7.21000,1.98000,0.03503,0.96308,0.00189
7.41000,1.98000,0.03152,0.96725,0.00123
7.61000,1.98000,0.03420,0.96514,0.00066
7.81000,1.98000,0.05251,0.94662,0.00086
8.01000,1.98000,0.07368,0.92135,0.00496
8.21000,1.98000,0.09584,0.89340,0.01076
8.41000,1.98000,0.09861,0.89589,0.00550
8.61000,1.98000,0.08608,0.89007,0.02386
8.81000,1.98000,0.09644,0.87668,0.02687
9.01000,1.98000,0.08863,0.89954,0.01183
9.21000,1.98000,0.03422,0.96486,0.00092
9.41000,1.98000,0.02823,0.96999,0.00178
9.61000,1.98000,0.03517,0.96254,0.00229
9.81000,1.98000,0.04566,0.95077,0.00357
10.01000,1.98000,0.04060,0.95731,0.00209
10.21000,1.98000,0.04795,0.95020,0.00184
10.41000,1.98000,0.07186,0.92623,0.00191
10.61000,1.98000,0.06724,0.93189,0.00087
10.81000,1.98000,0.06406,0.93515,0.00078
11.01000,1.98000,0.07312,0.92544,0.00144
11.21000,1.98000,0.13489,0.86116,0.00395
11.41000,1.98000,0.16278,0.83171,0.00551
11.61000,1.98000,0.13534,0.86008,0.00457
11.81000,1.98000,0.11986,0.87325,0.00688
12.01000,1.98000,0.12927,0.86325,0.00749
12.21000,1.98000,0.09084,0.90400,0.00516
12.41000,1.98000,0.07830,0.91831,0.00339
12.61000,1.98000,0.05071,0.94735,0.00195
12.81000,1.98000,0.03857,0.95635,0.00508
13.01000,1.98000,0.06182,0.92451,0.01367
13.21000,1.98000,0.06989,0.91560,0.01451
13.41000,1.98000,0.07972,0.90158,0.01870
13.61000,1.98000,0.07330,0.89654,0.03016
13.81000,1.98000,0.07413,0.91289,0.01298
14.01000,1.98000,0.06620,0.92931,0.00449
14.21000,1.98000,0.05535,0.94253,0.00212
14.41000,1.98000,0.02648,0.97260,0.00091
14.61000,1.98000,0.02184,0.97724,0.00093
14.81000,1.98000,0.02941,0.96921,0.00138
15.01000,1.98000,0.03371,0.96228,0.00401
15.21000,1.98000,0.02797,0.96637,0.00565
15.41000,1.98000,0.01391,0.98521,0.00088
15.61000,1.98000,0.00681,0.99309,0.00010
15.81000,1.98000,0.00688,0.99296,0.00015
16.01000,1.98000,0.00677,0.99254,0.00069
16.21000,1.98000,0.01067,0.98573,0.00360
16.41000,1.98000,0.01265,0.97659,0.01076
16.61000,1.98000,0.00759,0.99099,0.00143
16.81000,1.98000,0.00423,0.99518,0.00059
17.01000,1.98000,0.00472,0.99476,0.00051
17.21000,1.98000,0.00401,0.99580,0.00020
17.41000,1.98000,0.00511,0.99453,0.00037
17.61000,1.98000,0.00587,0.99370,0.00043
17.81000,1.98000,0.00581,0.99363,0.00056
18.01000,1.98000,0.00860,0.99078,0.00063
18.21000,1.98000,0.01811,0.98089,0.00101
18.41000,1.98000,0.02284,0.97632,0.00084
18.61000,1.98000,0.02124,0.97691,0.00184
18.81000,1.98000,0.01909,0.97991,0.00100
19.01000,1.98000,0.00576,0.99415,0.00009
19.21000,1.98000,0.00483,0.99509,0.00008
19.41000,1.98000,0.00678,0.99293,0.00029
19.61000,1.98000,0.00630,0.99341,0.00030
19.81000,1.98000,0.00359,0.99637,0.00005
20.01000,1.98000,0.00419,0.99578,0.00003
20.21000,1.98000,0.00814,0.99163,0.00023
20.41000,1.98000,0.00579,0.99399,0.00022
20.61000,1.98000,0.00333,0.99662,0.00004
20.81000,1.98000,0.01247,0.98737,0.00016
21.01000,1.98000,0.02171,0.97658,0.00171
21.21000,1.98000,0.02360,0.97391,0.00248
21.41000,1.98000,0.02281,0.97638,0.00082
21.61000,1.98000,0.03545,0.96262,0.00192
21.81000,1.98000,0.04154,0.95544,0.00303
22.01000,1.98000,0.05472,0.93899,0.00629
22.21000,1.98000,0.02691,0.97217,0.00092
22.41000,1.98000,0.01661,0.98288,0.00051
22.61000,1.98000,0.01875,0.98059,0.00066
22.81000,1.98000,0.01884,0.98051,0.00064
23.01000,1.98000,0.01763,0.98172,0.00065
23.21000,1.98000,0.01762,0.98144,0.00094
23.41000,1.98000,0.01185,0.98774,0.00042
23.61000,1.98000,0.01157,0.98810,0.00033
23.81000,1.98000,0.00542,0.99455,0.00003
24.01000,1.98000,0.01888,0.98105,0.00008
24.21000,1.98000,0.06037,0.93908,0.00055
24.41000,1.98000,0.06615,0.93108,0.00277
24.61000,1.98000,0.06531,0.93043,0.00425
24.81000,1.98000,0.07522,0.92325,0.00153
25.01000,1.98000,0.08730,0.91157,0.00112
25.21000,1.98000,0.11172,0.88203,0.00625
25.41000,1.98000,0.16991,0.81030,0.01979
25.61000,1.98000,0.21493,0.75139,0.03368
25.81000,1.98000,0.15765,0.81084,0.03151
26.01000,1.98000,0.15124,0.83854,0.01022
26.21000,1.98000,0.11514,0.88194,0.00292
26.41000,1.98000,0.10182,0.89739,0.00080
26.61000,1.98000,0.10291,0.89615,0.00094
26.81000,1.98000,0.12221,0.87601,0.00178
27.01000,1.98000,0.11534,0.88341,0.00125
27.21000,1.98000,0.09024,0.90906,0.00070
27.41000,1.98000,0.09536,0.90368,0.00096
27.61000,1.98000,0.10920,0.88973,0.00107
27.81000,1.98000,0.11208,0.88674,0.00118
28.01000,1.98000,0.08693,0.91214,0.00093
28.21000,1.98000,0.08366,0.91599,0.00035
28.41000,1.98000,0.08827,0.91114,0.00059
28.61000,1.98000,0.05550,0.94427,0.00023
28.81000,1.98000,0.03621,0.96368,0.00012
29.01000,1.98000,0.03874,0.96111,0.00016
29.21000,1.98000,0.02642,0.97349,0.00009
29.41000,1.98000,0.02121,0.97872,0.00007
29.61000,1.98000,0.02721,0.97275,0.00004
29.81000,1.98000,0.01501,0.98497,0.00002
30.01000,1.98000,0.03460,0.96535,0.00005
30.21000,1.98000,0.04843,0.95152,0.00005
30.41000,1.98000,0.05136,0.94854,0.00010
30.61000,1.98000,0.05272,0.94708,0.00020
30.81000,1.98000,0.08444,0.91503,0.00053
31.01000,1.98000,0.08466,0.91496,0.00038
31.21000,1.98000,0.10613,0.89366,0.00021
31.41000,1.98000,0.05685,0.94312,0.00003
31.61000,1.98000,0.08433,0.91560,0.00006
31.81000,1.98000,0.09826,0.90146,0.00028
32.01000,1.98000,0.24581,0.75373,0.00046
32.21000,1.98000,0.13985,0.85849,0.00166
32.41000,1.98000,0.14388,0.85493,0.00119
32.61000,1.98000,0.13334,0.86630,0.00035
32.81000,1.98000,0.13585,0.86377,0.00038
33.01000,1.98000,0.14279,0.85674,0.00048
33.21000,1.98000,0.15139,0.84770,0.00091
33.41000,1.98000,0.15590,0.84305,0.00105
33.61000,1.98000,0.16095,0.83872,0.00033
33.81000,1.98000,0.11796,0.88175,0.00028
34.01000,1.98000,0.07587,0.92403,0.00010
34.21000,1.98000,0.07530,0.92452,0.00018
34.41000,1.98000,0.07145,0.92834,0.00021
34.61000,1.98000,0.09365,0.90604,0.00030
34.81000,1.98000,0.07782,0.92192,0.00026
35.01000,1.98000,0.06723,0.93248,0.00028
35.21000,1.98000,0.07717,0.92238,0.00045
35.41000,1.98000,0.08472,0.91376,0.00151
35.61000,1.98000,0.08252,0.91592,0.00156
35.81000,1.98000,0.13566,0.86347,0.00086
36.01000,1.98000,0.10737,0.89109,0.00154
36.21000,1.98000,0.09649,0.90270,0.00081
36.41000,1.98000,0.09616,0.90317,0.00067
36.61000,1.98000,0.10303,0.89610,0.00087
36.81000,1.98000,0.11472,0.88333,0.00194
37.01000,1.98000,0.08033,0.91882,0.00085
37.21000,1.98000,0.08687,0.91233,0.00080
37.41000,1.98000,0.08528,0.91298,0.00174
37.61000,1.98000,0.07758,0.92047,0.00195
37.81000,1.98000,0.08058,0.91754,0.00188
38.01000,1.98000,0.08989,0.90708,0.00303
38.21000,1.98000,0.09547,0.90216,0.00236
38.41000,1.98000,0.08306,0.91487,0.00207
38.61000,1.98000,0.06942,0.92825,0.00233
38.81000,1.98000,0.09160,0.90585,0.00255
39.01000,1.98000,0.09444,0.90310,0.00245
39.21000,1.98000,0.08392,0.91341,0.00268
39.41000,1.98000,0.13816,0.85886,0.00298
39.61000,1.98000,0.14364,0.85060,0.00576
39.81000,1.98000,0.13821,0.85546,0.00633
40.01000,1.98000,0.14032,0.85523,0.00444
40.21000,1.98000,0.11939,0.87631,0.00430
40.41000,1.98000,0.14290,0.85078,0.00633
40.61000,1.98000,0.16154,0.82740,0.01105
40.81000,1.98000,0.15726,0.82744,0.01530
41.01000,1.98000,0.16571,0.82283,0.01146
41.21000,1.98000,0.10615,0.89276,0.00110
41.41000,1.98000,0.06052,0.93902,0.00046
41.61000,1.98000,0.05389,0.94592,0.00019
41.81000,1.98000,0.05116,0.94870,0.00014
42.01000,1.98000,0.05517,0.94436,0.00047
42.21000,1.98000,0.05694,0.94264,0.00042
42.41000,1.98000,0.05792,0.94181,0.00026
42.61000,1.98000,0.04750,0.95244,0.00006
42.81000,1.98000,0.02369,0.97627,0.00004
43.01000,1.98000,0.03033,0.96960,0.00007
43.21000,1.98000,0.06834,0.93126,0.00040
43.41000,1.98000,0.05798,0.94179,0.00023
43.61000,1.98000,0.05061,0.94887,0.00052
43.81000,1.98000,0.05165,0.94773,0.00062
44.01000,1.98000,0.05090,0.94830,0.00081
44.21000,1.98000,0.04459,0.95485,0.00055
44.41000,1.98000,0.07004,0.92890,0.00106
44.61000,1.98000,0.07322,0.92566,0.00113
44.81000,1.98000,0.08475,0.91402,0.00123
45.01000,1.98000,0.06121,0.93734,0.00145
45.21000,1.98000,0.06142,0.93692,0.00166
45.41000,1.98000,0.04438,0.95352,0.00210
45.61000,1.98000,0.04099,0.95716,0.00185
45.81000,1.98000,0.03587,0.96334,0.00078
46.01000,1.98000,0.03468,0.96474,0.00058
46.21000,1.98000,0.03275,0.96679,0.00046
46.41000,1.98000,0.05015,0.94800,0.00185
46.61000,1.98000,0.04681,0.94485,0.00834
46.81000,1.98000,0.03818,0.95264,0.00919
47.01000,1.98000,0.01756,0.98090,0.00153
47.21000,1.98000,0.02238,0.97453,0.00309
47.41000,1.98000,0.03474,0.96268,0.00259
47.61000,1.98000,0.04457,0.94965,0.00578
47.81000,1.98000,0.05062,0.94430,0.00509
48.01000,1.98000,0.06800,0.92914,0.00286
48.21000,1.98000,0.06474,0.93029,0.00497
48.41000,1.98000,0.10601,0.88863,0.00536
48.61000,1.98000,0.09801,0.89975,0.00224
48.81000,1.98000,0.19695,0.80027,0.00278
49.01000,1.98000,0.16906,0.82520,0.00574
49.21000,1.98000,0.18362,0.80536,0.01102
49.41000,1.98000,0.19272,0.79348,0.01381
49.61000,1.98000,0.19242,0.79597,0.01161
49.81000,1.98000,0.14757,0.84913,0.00330
50.01000,1.98000,0.14206,0.85313,0.00482
50.21000,1.98000,0.12514,0.87094,0.00392
50.41000,1.98000,0.11622,0.88107,0.00271
50.61000,1.98000,0.10580,0.89246,0.00174
50.81000,1.98000,0.08995,0.90889,0.00116
51.01000,1.98000,0.07735,0.92216,0.00049
51.21000,1.98000,0.07684,0.92259,0.00057
51.41000,1.98000,0.07142,0.92798,0.00061
51.61000,1.98000,0.08020,0.91933,0.00047
51.81000,1.98000,0.06336,0.93631,0.00033
52.01000,1.98000,0.04596,0.95390,0.00015
52.21000,1.98000,0.03497,0.96493,0.00010
52.41000,1.98000,0.02523,0.97470,0.00007
52.61000,1.98000,0.02721,0.97272,0.00007
52.81000,1.98000,0.02210,0.97784,0.00006
53.01000,1.98000,0.02265,0.97730,0.00005
53.21000,1.98000,0.01805,0.98194,0.00001
53.41000,1.98000,0.02150,0.97849,0.00001
53.61000,1.98000,0.05164,0.94834,0.00002
53.81000,1.98000,0.02567,0.97432,0.00001
54.01000,1.98000,0.02909,0.97089,0.00001
54.21000,1.98000,0.05057,0.94941,0.00002
54.41000,1.98000,0.04194,0.95805,0.00001
54.61000,1.98000,0.04156,0.95843,0.00001
54.81000,1.98000,0.04807,0.95192,0.00001
55.01000,1.98000,0.05115,0.94883,0.00002
55.21000,1.98000,0.02328,0.97671,0.00000
55.41000,1.98000,0.00580,0.99420,0.00000
55.61000,1.98000,0.01071,0.98928,0.00000
55.81000,1.98000,0.01318,0.98681,0.00000
56.01000,1.98000,0.01085,0.98914,0.00000
56.21000,1.98000,0.01269,0.98730,0.00001
56.41000,1.98000,0.01289,0.98710,0.00001
56.61000,1.98000,0.01313,0.98686,0.00001
56.81000,1.98000,0.00581,0.99419,0.00000
57.01000,1.98000,0.00473,0.99527,0.00000
57.21000,1.98000,0.01797,0.98203,0.00000
57.41000,1.98000,0.02005,0.97995,0.00000
57.61000,1.98000,0.01709,0.98291,0.00000
57.81000,1.98000,0.01756,0.98243,0.00001
58.01000,1.98000,0.01615,0.98385,0.00001
58.21000,1.98000,0.01863,0.98136,0.00001
58.41000,1.98000,0.01637,0.98363,0.00001
58.61000,1.98000,0.01063,0.98937,0.00000
58.81000,1.98000,0.02204,0.97795,0.00001
59.01000,1.98000,0.03345,0.96653,0.00002
59.21000,1.98000,0.03093,0.96903,0.00004
59.41000,1.98000,0.02811,0.97186,0.00003
59.61000,1.98000,0.02524,0.97474,0.00002
59.81000,1.98000,0.02575,0.97422,0.00003
60.01000,1.98000,0.02995,0.96999,0.00005
60.21000,1.98000,0.00876,0.99123,0.00001
60.41000,1.98000,0.04516,0.95458,0.00026
60.61000,1.98000,0.04047,0.95864,0.00089
60.81000,1.98000,0.04316,0.95465,0.00218
61.01000,1.98000,0.03868,0.95897,0.00235
61.21000,1.98000,0.02349,0.97472,0.00179
61.41000,1.98000,0.02131,0.97722,0.00147
61.61000,1.98000,0.02614,0.97215,0.00171
61.81000,1.98000,0.03928,0.95746,0.00326
62.01000,1.98000,0.08727,0.90702,0.00571
62.21000,1.98000,0.04542,0.95279,0.00178
62.41000,1.98000,0.04078,0.95874,0.00048
62.61000,1.98000,0.03806,0.96151,0.00043
62.81000,1.98000,0.02509,0.97463,0.00028
63.01000,1.98000,0.01950,0.98035,0.00015
63.21000,1.98000,0.02908,0.97050,0.00042
63.41000,1.98000,0.03070,0.96877,0.00053
63.61000,1.98000,0.02113,0.97869,0.00018
63.81000,1.98000,0.01557,0.98441,0.00003
64.01000,1.98000,0.01349,0.98648,0.00003
64.21000,1.98000,0.01130,0.98868,0.00002
64.41000,1.98000,0.01222,0.98776,0.00002
64.61000,1.98000,0.00979,0.99020,0.00002
64.81000,1.98000,0.01367,0.98631,0.00002
65.01000,1.98000,0.02112,0.97884,0.00003
65.21000,1.98000,0.02269,0.97729,0.00003
65.41000,1.98000,0.02313,0.97684,0.00003
65.61000,1.98000,0.03193,0.96788,0.00020
65.81000,1.98000,0.18819,0.80581,0.00600
66.01000,1.98000,0.10668,0.87935,0.01397
66.21000,1.98000,0.06064,0.90702,0.03234
66.41000,1.98000,0.06000,0.86170,0.07830
66.61000,1.98000,0.08470,0.74860,0.16670
66.81000,1.98000,0.05978,0.86411,0.07611
67.01000,1.98000,0.05418,0.91303,0.03279
67.21000,1.98000,0.05973,0.89670,0.04357
67.41000,1.98000,0.03607,0.93586,0.02807
67.61000,1.98000,0.02587,0.95519,0.01894
67.81000,1.98000,0.05413,0.92914,0.01672
68.01000,1.98000,0.11063,0.87304,0.01633
68.21000,1.98000,0.05784,0.94101,0.00115
68.41000,1.98000,0.04113,0.95825,0.00062
68.61000,1.98000,0.07002,0.92813,0.00185
68.81000,1.98000,0.12391,0.87016,0.00594
69.01000,1.98000,0.11723,0.87189,0.01088
69.21000,1.98000,0.11708,0.87230,0.01062
69.41000,1.98000,0.18663,0.80708,0.00629
69.61000,1.98000,0.22440,0.75317,0.02243
69.81000,1.98000,0.14835,0.84120,0.01046
70.01000,1.98000,0.26628,0.70331,0.03042
70.21000,1.98000,0.24823,0.72565,0.02612
70.41000,1.98000,0.24300,0.73529,0.02171
70.61000,1.98000,0.23249,0.74999,0.01751
70.81000,1.98000,0.21850,0.76640,0.01510
71.01000,1.98000,0.26193,0.71740,0.02068
71.21000,1.98000,0.20890,0.77891,0.01219
71.41000,1.98000,0.22996,0.75782,0.01222
71.61000,1.98000,0.19459,0.79668,0.00873
71.81000,1.98000,0.21336,0.77857,0.00807
72.01000,1.98000,0.27382,0.71800,0.00819
72.21000,1.98000,0.33150,0.66308,0.00542
72.41000,1.98000,0.21940,0.77425,0.00635
72.61000,1.98000,0.21314,0.78220,0.00467
72.81000,1.98000,0.24002,0.75425,0.00573
73.01000,1.98000,0.26329,0.72542,0.01129
73.21000,1.98000,0.26596,0.72578,0.00825
73.41000,1.98000,0.27138,0.72473,0.00389
73.61000,1.98000,0.31891,0.67741,0.00368
73.81000,1.98000,0.39974,0.59077,0.00949
74.01000,1.98000,0.35787,0.63195,0.01018
74.21000,1.98000,0.31581,0.68131,0.00288
74.41000,1.98000,0.25251,0.74633,0.00116
74.61000,1.98000,0.28376,0.71304,0.00320
74.81000,1.98000,0.23511,0.76124,0.00365
75.01000,1.98000,0.21603,0.78203,0.00195
75.21000,1.98000,0.17616,0.82274,0.00110
75.41000,1.98000,0.15602,0.84329,0.00068
75.61000,1.98000,0.13716,0.86217,0.00068
75.81000,1.98000,0.13567,0.86360,0.00073
76.01000,1.98000,0.11788,0.88105,0.00107
76.21000,1.98000,0.19176,0.80472,0.00352
76.41000,1.98000,0.19653,0.79878,0.00470
76.61000,1.98000,0.15370,0.84332,0.00298
76.81000,1.98000,0.11100,0.88794,0.00106
77.01000,1.98000,0.08536,0.91393,0.00072
77.21000,1.98000,0.08347,0.91453,0.00200
77.41000,1.98000,0.07052,0.92514,0.00434
77.61000,1.98000,0.04389,0.94919,0.00692
77.81000,1.98000,0.02848,0.96208,0.00944
78.01000,1.98000,0.02720,0.96590,0.00689
78.21000,1.98000,0.02317,0.97179,0.00505
78.41000,1.98000,0.02300,0.97288,0.00412
78.61000,1.98000,0.03310,0.95508,0.01182
78.81000,1.98000,0.04747,0.92827,0.02427
79.01000,1.98000,0.05602,0.92826,0.01571
79.21000,1.98000,0.06418,0.92066,0.01516
79.41000,1.98000,0.03575,0.96155,0.00270
79.61000,1.98000,0.05453,0.94499,0.00048
79.81000,1.98000,0.06914,0.93008,0.00078
80.01000,1.98000,0.06592,0.93265,0.00143
80.21000,1.98000,0.08010,0.91897,0.00094
80.41000,1.98000,0.08542,0.91432,0.00025
80.61000,1.98000,0.07770,0.92194,0.00036
80.81000,1.98000,0.07089,0.92865,0.00046
81.01000,1.98000,0.06795,0.93161,0.00044
81.21000,1.98000,0.12147,0.87777,0.00076
81.41000,1.98000,0.15053,0.84860,0.00088
81.61000,1.98000,0.11365,0.88491,0.00144
81.81000,1.98000,0.11248,0.88691,0.00061
82.01000,1.98000,0.09043,0.90909,0.00048
82.21000,1.98000,0.05681,0.94292,0.00027
82.41000,1.98000,0.05317,0.94646,0.00037
82.61000,1.98000,0.06404,0.93555,0.00041
82.81000,1.98000,0.07117,0.92844,0.00039
83.01000,1.98000,0.05390,0.94600,0.00010
83.21000,1.98000,0.04204,0.95788,0.00008
83.41000,1.98000,0.04337,0.95653,0.00010
83.61000,1.98000,0.04186,0.95805,0.00009
83.81000,1.98000,0.02155,0.97842,0.00003
84.01000,1.98000,0.02610,0.97387,0.00003
84.21000,1.98000,0.03338,0.96654,0.00008
84.41000,1.98000,0.03458,0.96538,0.00005
84.61000,1.98000,0.02717,0.97280,0.00003
84.81000,1.98000,0.03999,0.95998,0.00002
85.01000,1.98000,0.03430,0.96568,0.00001
85.21000,1.98000,0.06116,0.93879,0.00005
85.41000,1.98000,0.05910,0.94086,0.00004
85.61000,1.98000,0.04657,0.95340,0.00003
85.81000,1.98000,0.07359,0.92635,0.00006
86.01000,1.98000,0.06200,0.93797,0.00003
86.21000,1.98000,0.05713,0.94286,0.00001
86.41000,1.98000,0.06508,0.93491,0.00001
86.61000,1.98000,0.08602,0.91396,0.00001
86.81000,1.98000,0.14386,0.85610,0.00004
87.01000,1.98000,0.07332,0.92661,0.00008
87.21000,1.98000,0.06902,0.93094,0.00004
87.41000,1.98000,0.06604,0.93389,0.00007
87.61000,1.98000,0.05024,0.94972,0.00004
87.81000,1.98000,0.06149,0.93849,0.00001
88.01000,1.98000,0.04854,0.95144,0.00001
88.21000,1.98000,0.03486,0.96508,0.00006
88.41000,1.98000,0.03733,0.96257,0.00010
88.61000,1.98000,0.02552,0.97444,0.00003
88.81000,1.98000,0.03165,0.96834,0.00001
89.01000,1.98000,0.02817,0.97181,0.00003
89.21000,1.98000,0.02528,0.97470,0.00002
89.41000,1.98000,0.03911,0.96085,0.00004
89.61000,1.98000,0.07743,0.92249,0.00008
89.81000,1.98000,0.09578,0.90413,0.00009
90.01000,1.98000,0.06353,0.93636,0.00011
90.21000,1.98000,0.05810,0.94180,0.00010
90.41000,1.98000,0.12424,0.87536,0.00040
90.61000,1.98000,0.24157,0.75801,0.00042
90.81000,1.98000,0.09220,0.90737,0.00044
91.01000,1.98000,0.09617,0.90325,0.00057
91.21000,1.98000,0.10249,0.89677,0.00073
91.41000,1.98000,0.12120,0.87707,0.00172
91.61000,1.98000,0.14725,0.85187,0.00088
91.81000,1.98000,0.10956,0.88964,0.00080
92.01000,1.98000,0.08850,0.91101,0.00049
92.21000,1.98000,0.09618,0.90327,0.00056
92.41000,1.98000,0.07434,0.92511,0.00055
92.61000,1.98000,0.07008,0.92967,0.00025
92.81000,1.98000,0.05819,0.94159,0.00022
93.01000,1.98000,0.04209,0.95775,0.00016
93.21000,1.98000,0.04287,0.95701,0.00011
93.41000,1.98000,0.03241,0.96750,0.00009
93.61000,1.98000,0.01858,0.98140,0.00002
93.81000,1.98000,0.04130,0.95868,0.00002
94.01000,1.98000,0.01996,0.98002,0.00002
94.21000,1.98000,0.01944,0.98054,0.00003
94.41000,1.98000,0.01842,0.98156,0.00002
94.61000,1.98000,0.01831,0.98168,0.00001
94.81000,1.98000,0.01260,0.98739,0.00001
95.01000,1.98000,0.01344,0.98655,0.00001
95.21000,1.98000,0.01443,0.98555,0.00001
95.41000,1.98000,0.03708,0.96285,0.00007
95.61000,1.98000,0.06392,0.93556,0.00052
95.81000,1.98000,0.05595,0.94309,0.00096
96.01000,1.98000,0.04615,0.95326,0.00058
96.21000,1.98000,0.04477,0.95401,0.00123
96.41000,1.98000,0.09635,0.90026,0.00338
96.61000,1.98000,0.09430,0.89700,0.00870
96.81000,1.98000,0.08878,0.89550,0.01571
97.01000,1.98000,0.10573,0.86116,0.03311
97.21000,1.98000,0.08956,0.87593,0.03451
97.41000,1.98000,0.08027,0.91175,0.00798
97.61000,1.98000,0.10232,0.89412,0.00356
97.81000,1.98000,0.03843,0.96103,0.00053
98.01000,1.98000,0.04695,0.95272,0.00033
98.21000,1.98000,0.04929,0.95049,0.00022
98.41000,1.98000,0.04702,0.95275,0.00023
98.61000,1.98000,0.04713,0.95267,0.00019
98.81000,1.98000,0.04784,0.95204,0.00012
99.01000,1.98000,0.05601,0.94384,0.00015
99.21000,1.98000,0.12274,0.87670,0.00056
99.41000,1.98000,0.10891,0.89049,0.00060
99.61000,1.98000,0.09421,0.90507,0.00072
99.81000,1.98000,0.15988,0.83843,0.00169
100.01000,1.98000,0.14084,0.85554,0.00362
100.21000,1.98000,0.15611,0.83821,0.00568
100.41000,1.98000,0.17848,0.81317,0.00835
100.61000,1.98000,0.11602,0.88146,0.00252
100.81000,1.98000,0.05534,0.94413,0.00053
101.01000,1.98000,0.04527,0.95455,0.00018
101.21000,1.98000,0.04951,0.95003,0.00046
101.41000,1.98000,0.07491,0.92283,0.00226
101.61000,1.98000,0.08235,0.91583,0.00181
101.81000,1.98000,0.04195,0.95673,0.00132
102.01000,1.98000,0.04003,0.95774,0.00224
102.21000,1.98000,0.03754,0.96147,0.00099
102.41000,1.98000,0.05478,0.94324,0.00198
102.61000,1.98000,0.10641,0.89082,0.00276
102.81000,1.98000,0.07965,0.91743,0.00293
103.01000,1.98000,0.08979,0.90771,0.00250
103.21000,1.98000,0.10093,0.89612,0.00294
103.41000,1.98000,0.13458,0.86413,0.00128
103.61000,1.98000,0.12505,0.87438,0.00057
103.81000,1.98000,0.12404,0.87548,0.00048
104.01000,1.98000,0.11854,0.88056,0.00090
104.21000,1.98000,0.11546,0.88392,0.00062
104.41000,1.98000,0.12461,0.87468,0.00071
104.61000,1.98000,0.13772,0.86143,0.00085
104.81000,1.98000,0.08551,0.91412,0.00037
105.01000,1.98000,0.08989,0.90977,0.00033
105.21000,1.98000,0.10559,0.89371,0.00070
105.41000,1.98000,0.07823,0.92118,0.00060
105.61000,1.98000,0.08424,0.91522,0.00053
105.81000,1.98000,0.06025,0.93937,0.00038
106.01000,1.98000,0.06110,0.93855,0.00035
106.21000,1.98000,0.06008,0.93959,0.00034
106.41000,1.98000,0.07248,0.92703,0.00050
106.61000,1.98000,0.12615,0.87255,0.00129
106.81000,1.98000,0.11872,0.87983,0.00144
107.01000,1.98000,0.12345,0.87527,0.00128
107.21000,1.98000,0.09520,0.90402,0.00079
107.41000,1.98000,0.11586,0.88284,0.00130
107.61000,1.98000,0.10945,0.88928,0.00126
107.81000,1.98000,0.12761,0.87150,0.00089
108.01000,1.98000,0.12566,0.87358,0.00077
108.21000,1.98000,0.11893,0.88020,0.00087
108.41000,1.98000,0.14766,0.84712,0.00521
108.61000,1.98000,0.16398,0.82344,0.01259
108.81000,1.98000,0.09963,0.89465,0.00572
109.01000,1.98000,0.03325,0.96452,0.00223
109.21000,1.98000,0.04616,0.95239,0.00145
109.41000,1.98000,0.03065,0.96795,0.00140
109.61000,1.98000,0.01295,0.98339,0.00366
109.81000,1.98000,0.01006,0.98207,0.00787
110.01000,1.98000,0.01547,0.96335,0.02118
110.21000,1.98000,0.01157,0.97588,0.01255
110.41000,1.98000,0.01096,0.98229,0.00675
110.61000,1.98000,0.01184,0.96748,0.02068
110.81000,1.98000,0.03298,0.81945,0.14757
111.01000,1.98000,0.03680,0.80119,0.16201
111.21000,1.98000,0.02742,0.92734,0.04524
111.41000,1.98000,0.05103,0.92905,0.01992
111.61000,1.98000,0.09191,0.86580,0.04228
111.81000,1.98000,0.09559,0.88555,0.01886
112.01000,1.98000,0.07153,0.88626,0.04221
112.21000,1.98000,0.06025,0.89314,0.04662
112.41000,1.98000,0.11921,0.79924,0.08155
112.61000,1.98000,0.12109,0.81890,0.06001
112.81000,1.98000,0.14405,0.82079,0.03517
113.01000,1.98000,0.23099,0.69842,0.07058
113.21000,1.98000,0.18539,0.63944,0.17517
113.41000,1.98000,0.08998,0.74772,0.16230
113.61000,1.98000,0.08053,0.74424,0.17523
113.81000,1.98000,0.07130,0.74269,0.18602
114.01000,1.98000,0.08661,0.73594,0.17745
114.21000,1.98000,0.06432,0.79896,0.13672
114.41000,1.98000,0.06271,0.73453,0.20276
114.61000,1.98000,0.04259,0.82884,0.12857
114.81000,1.98000,0.04611,0.77164,0.18225
115.01000,1.98000,0.04825,0.85792,0.09383
115.21000,1.98000,0.08517,0.80232,0.11251
115.41000,1.98000,0.08498,0.79737,0.11765
115.61000,1.98000,0.05809,0.72114,0.22077
115.81000,1.98000,0.08596,0.72681,0.18723
116.01000,1.98000,0.06456,0.74838,0.18706
116.21000,1.98000,0.06767,0.73180,0.20053
116.41000,1.98000,0.04353,0.76799,0.18847
116.61000,1.98000,0.02663,0.67137,0.30200
116.81000,1.98000,0.02356,0.68939,0.28706
117.01000,1.98000,0.02247,0.74664,0.23089
117.21000,1.98000,0.01930,0.77221,0.20849
117.41000,1.98000,0.02751,0.81834,0.15415
117.61000,1.98000,0.02894,0.83602,0.13504
117.81000,1.98000,0.03906,0.80810,0.15284
118.01000,1.98000,0.04363,0.93907,0.01730
118.21000,1.98000,0.06786,0.91667,0.01547
118.41000,1.98000,0.08984,0.89600,0.01417
118.61000,1.98000,0.06196,0.92692,0.01112
118.81000,1.98000,0.00626,0.99259,0.00115
119.01000,1.98000,0.00057,0.99915,0.00028
119.21000,1.98000,0.00034,0.99953,0.00013
119.41000,1.98000,0.00025,0.99967,0.00008
119.61000,1.98000,0.00017,0.99978,0.00004
119.81000,1.98000,0.00021,0.99961,0.00019
120.01000,1.98000,0.00022,0.99907,0.00071
120.21000,1.98000,0.00023,0.99900,0.00076
120.41000,1.98000,0.00025,0.99901,0.00074
120.61000,1.98000,0.00164,0.99328,0.00508
120.81000,1.98000,0.01901,0.96761,0.01338
121.01000,1.98000,0.09257,0.82359,0.08384
121.21000,1.98000,0.05173,0.88620,0.06207
121.41000,1.98000,0.05211,0.91732,0.03057
121.61000,1.98000,0.04339,0.94808,0.00853
121.81000,1.98000,0.04803,0.94706,0.00491
122.01000,1.98000,0.06206,0.93514,0.00279
122.21000,1.98000,0.08404,0.91345,0.00251
122.41000,1.98000,0.07765,0.92162,0.00073
122.61000,1.98000,0.07966,0.91913,0.00121
122.81000,1.98000,0.07442,0.92450,0.00107
123.01000,1.98000,0.06936,0.93029,0.00035
123.21000,1.98000,0.05571,0.94422,0.00008
123.41000,1.98000,0.03589,0.96408,0.00003
123.61000,1.98000,0.03315,0.96683,0.00003
123.81000,1.98000,0.03107,0.96891,0.00002
124.01000,1.98000,0.02867,0.97131,0.00002
124.21000,1.98000,0.03165,0.96834,0.00001
124.41000,1.98000,0.03863,0.96135,0.00002
124.61000,1.98000,0.03662,0.96336,0.00002
124.81000,1.98000,0.00695,0.99305,0.00000
125.01000,1.98000,0.00416,0.99584,0.00000
125.21000,1.98000,0.00927,0.99072,0.00001
125.41000,1.98000,0.00978,0.99021,0.00001
125.61000,1.98000,0.00847,0.99153,0.00000
125.81000,1.98000,0.00657,0.99343,0.00000
126.01000,1.98000,0.00676,0.99324,0.00000
126.21000,1.98000,0.01197,0.98803,0.00000
126.41000,1.98000,0.00980,0.99019,0.00000
126.61000,1.98000,0.03365,0.96633,0.00002
126.81000,1.98000,0.02293,0.97705,0.00001
127.01000,1.98000,0.01135,0.98865,0.00000
127.21000,1.98000,0.03032,0.96962,0.00006
127.41000,1.98000,0.04693,0.95270,0.00037
127.61000,1.98000,0.04788,0.95156,0.00057
127.81000,1.98000,0.05313,0.94605,0.00082
128.00999,1.98001,0.08702,0.91231,0.00067
128.21001,1.98000,0.04630,0.95243,0.00127
128.41000,1.98000,0.07533,0.92107,0.00360
128.61000,1.98000,0.11232,0.88436,0.00332
128.81000,1.98000,0.05939,0.93964,0.00097
129.00999,1.98001,0.03796,0.96177,0.00027
129.21001,1.98000,0.05552,0.94390,0.00059
129.41000,1.98000,0.03014,0.96965,0.00020
129.61000,1.98000,0.03013,0.96936,0.00051
129.81000,1.98000,0.06323,0.93508,0.00169
130.00999,1.98001,0.06552,0.93281,0.00168
130.21001,1.98000,0.06874,0.93042,0.00084
130.41000,1.98000,0.09399,0.90451,0.00149
130.61000,1.98000,0.15039,0.84729,0.00232
130.81000,1.98000,0.07827,0.92089,0.00084
131.00999,1.98001,0.02702,0.97283,0.00015
131.21001,1.98000,0.03199,0.96788,0.00013
131.41000,1.98000,0.04159,0.95801,0.00041
131.61000,1.98000,0.01966,0.98030,0.00005
131.81000,1.98000,0.01213,0.98783,0.00004
132.00999,1.98001,0.01100,0.98898,0.00002
132.21001,1.98000,0.01327,0.98671,0.00002
132.41000,1.98000,0.01881,0.98112,0.00007
132.61000,1.98000,0.03125,0.96854,0.00020
132.81000,1.98000,0.03153,0.96831,0.00016
133.00999,1.98001,0.01151,0.98843,0.00006
133.21001,1.98000,0.00472,0.99527,0.00001
133.41000,1.98000,0.00481,0.99518,0.00002
133.61000,1.98000,0.00748,0.99245,0.00006
133.81000,1.98000,0.00704,0.99285,0.00011
134.00999,1.98001,0.00835,0.99147,0.00018
134.21001,1.98000,0.00810,0.99181,0.00009
134.41000,1.98000,0.01489,0.98493,0.00018
134.61000,1.98000,0.03512,0.96376,0.00112
134.81000,1.98000,0.16087,0.82622,0.01291
135.00999,1.98001,0.25717,0.65792,0.08491
135.21001,1.98000,0.07300,0.90497,0.02203
135.41000,1.98000,0.02478,0.97356,0.00166
135.61000,1.98000,0.01324,0.98642,0.00034
135.81000,1.98000,0.01262,0.98690,0.00048
136.00999,1.98001,0.01468,0.98284,0.00248
136.21001,1.98000,0.01203,0.98532,0.00266
136.41000,1.98000,0.02177,0.97111,0.00712
136.61000,1.98000,0.01978,0.97470,0.00551
136.81000,1.98000,0.01988,0.97758,0.00255
137.00999,1.98001,0.05032,0.94812,0.00156
137.21001,1.98000,0.25565,0.74005,0.00430
137.41000,1.98000,0.19546,0.79881,0.00573
137.61000,1.98000,0.08353,0.91428,0.00219
137.81000,1.98000,0.03706,0.96251,0.00044
138.00999,1.98001,0.01987,0.98007,0.00005
138.21001,1.98000,0.00959,0.99040,0.00001
138.41000,1.98000,0.00735,0.99265,0.00001
138.61000,1.98000,0.00657,0.99343,0.00000
138.81000,1.98000,0.00913,0.99086,0.00001
139.00999,1.98001,0.02377,0.97622,0.00001
139.21001,1.98000,0.01460,0.98535,0.00005
139.41000,1.98000,0.04103,0.95870,0.00027
139.61000,1.98000,0.04961,0.95013,0.00026
139.81000,1.98000,0.08366,0.91544,0.00090
140.00999,1.98001,0.05388,0.94538,0.00074
140.21001,1.98000,0.02920,0.97060,0.00020
140.41000,1.98000,0.02161,0.97826,0.00013
140.61000,1.98000,0.01942,0.98046,0.00012
140.81000,1.98000,0.02173,0.97813,0.00014
141.00999,1.98001,0.01422,0.98575,0.00003
141.21001,1.98000,0.01455,0.98542,0.00002
141.41000,1.98000,0.02823,0.97166,0.00011
141.61000,1.98000,0.05985,0.93971,0.00044
141.81000,1.98000,0.09627,0.90275,0.00098
142.00999,1.98001,0.16522,0.83248,0.00230
142.21001,1.98000,0.08365,0.91488,0.00147
142.41000,1.98000,0.03245,0.96723,0.00032
142.61000,1.98000,0.01380,0.98613,0.00007
142.81000,1.98000,0.01299,0.98694,0.00007
143.00999,1.98001,0.01296,0.98697,0.00007
143.21001,1.98000,0.01286,0.98711,0.00003
143.41000,1.98000,0.00658,0.99341,0.00001
143.61000,1.98000,0.00664,0.99334,0.00002
143.81000,1.98000,0.00393,0.99607,0.00000
144.00999,1.98001,0.00838,0.99160,0.00002
144.21001,1.98000,0.03069,0.96923,0.00008
144.41000,1.98000,0.06063,0.93899,0.00038
144.61000,1.98000,0.08019,0.91932,0.00049
144.81000,1.98000,0.08702,0.91267,0.00031
145.00999,1.98001,0.19143,0.80557,0.00300
145.21001,1.98000,0.10594,0.89032,0.00374
145.41000,1.98000,0.10939,0.88864,0.00197
145.61000,1.98000,0.10712,0.88939,0.00349
145.81000,1.98000,0.14847,0.84169,0.00985
146.00999,1.98001,0.14918,0.84513,0.00570
146.21001,1.98000,0.06960,0.92880,0.00160
146.41000,1.98000,0.06040,0.93874,0.00086
146.61000,1.98000,0.04974,0.94879,0.00147
146.81000,1.98000,0.05820,0.93805,0.00374
147.00999,1.98001,0.05570,0.94313,0.00117
147.21001,1.98000,0.05336,0.94478,0.00186
147.41000,1.98000,0.05930,0.93986,0.00083
147.61000,1.98000,0.10609,0.89369,0.00022
147.81000,1.98000,0.07014,0.92934,0.00052
148.00999,1.98001,0.11879,0.88071,0.00049
148.21001,1.98000,0.09925,0.90010,0.00065
148.41000,1.98000,0.07525,0.92377,0.00098
148.61000,1.98000,0.03045,0.96920,0.00035
148.81000,1.98000,0.01647,0.98342,0.00012
149.00999,1.98001,0.01402,0.98592,0.00006
149.21001,1.98000,0.01414,0.98580,0.00005
149.41000,1.98000,0.03327,0.96662,0.00011
149.61000,1.98000,0.02419,0.97537,0.00044
149.81000,1.98000,0.02359,0.97490,0.00151
150.00999,1.98001,0.04234,0.95386,0.00380
150.21001,1.98000,0.05792,0.93971,0.00238
150.41000,1.98000,0.08470,0.91369,0.00161
150.61000,1.98000,0.13829,0.86020,0.00151
150.81000,1.98000,0.20490,0.79389,0.00121
151.00999,1.98001,0.10636,0.89329,0.00035
151.21001,1.98000,0.08248,0.91734,0.00018
151.41000,1.98000,0.06997,0.92994,0.00009
151.61000,1.98000,0.06103,0.93885,0.00011
151.81000,1.98000,0.03083,0.96912,0.00005
152.00999,1.98001,0.05304,0.94661,0.00035
152.21001,1.98000,0.05338,0.94548,0.00114
152.41000,1.98000,0.05801,0.93967,0.00232
152.61000,1.98000,0.06603,0.92935,0.00462
152.81000,1.98000,0.09197,0.89614,0.01189
153.00999,1.98001,0.12725,0.85552,0.01723
153.21001,1.98000,0.12290,0.86236,0.01473
153.41000,1.98000,0.11864,0.87701,0.00435
153.61000,1.98000,0.07800,0.92118,0.00082
153.81000,1.98000,0.05519,0.94460,0.00021
154.00999,1.98001,0.05231,0.94752,0.00016
154.21001,1.98000,0.04528,0.95451,0.00022
154.41000,1.98000,0.05003,0.94933,0.00064
154.61000,1.98000,0.04620,0.95327,0.00053
154.81000,1.98000,0.04024,0.95922,0.00054
155.00999,1.98001,0.04050,0.95853,0.00097
155.21001,1.98000,0.05091,0.94735,0.00174
155.41000,1.98000,0.07242,0.92530,0.00228
155.61000,1.98000,0.12814,0.86974,0.00212
155.81000,1.98000,0.12382,0.87275,0.00343
156.00999,1.98001,0.10114,0.89792,0.00094
156.21001,1.98000,0.07027,0.92952,0.00021
156.41000,1.98000,0.04174,0.95822,0.00004
156.61000,1.98000,0.01996,0.98003,0.00001
156.81000,1.98000,0.02246,0.97753,0.00001
157.00999,1.98001,0.01978,0.98021,0.00001
157.21001,1.98000,0.02413,0.97582,0.00005
157.41000,1.98000,0.03742,0.96247,0.00011
157.61000,1.98000,0.02201,0.97789,0.00010
157.81000,1.98000,0.01864,0.98125,0.00011
158.00999,1.98001,0.01729,0.98253,0.00019
158.21001,1.98000,0.02942,0.96965,0.00092
158.41000,1.98000,0.08750,0.90965,0.00285
158.61000,1.98000,0.05033,0.94845,0.00122
158.81000,1.98000,0.02413,0.97574,0.00012
159.00999,1.98001,0.01231,0.98767,0.00003
159.21001,1.98000,0.00950,0.99048,0.00002
159.41000,1.98000,0.01144,0.98850,0.00005
159.61000,1.98000,0.01279,0.98707,0.00015
159.81000,1.98000,0.01714,0.98268,0.00017
160.00999,1.98001,0.01814,0.98171,0.00015
160.21001,1.98000,0.02559,0.97434,0.00007
160.41000,1.98000,0.02021,0.97963,0.00015
160.61000,1.98000,0.06293,0.93536,0.00171
160.81000,1.98000,0.08355,0.91041,0.00604
161.00999,1.98001,0.09479,0.89463,0.01057
161.21001,1.98000,0.10490,0.89056,0.00453
161.41000,1.98000,0.13455,0.86355,0.00190
161.61000,1.98000,0.13415,0.86515,0.00071
161.81000,1.98000,0.14723,0.85161,0.00116
162.00999,1.98001,0.17805,0.82057,0.00138
162.21001,1.98000,0.15727,0.84180,0.00093
162.41000,1.98000,0.09326,0.90635,0.00039
162.61000,1.98000,0.08259,0.91704,0.00037
162.81000,1.98000,0.08015,0.91931,0.00054
163.00999,1.98001,0.07387,0.92512,0.00101
163.21001,1.98000,0.05251,0.94683,0.00066
163.41000,1.98000,0.04699,0.95244,0.00057
163.61000,1.98000,0.03353,0.96584,0.00062
163.81000,1.98000,0.06831,0.93075,0.00094
164.00999,1.98001,0.03466,0.96118,0.00416
164.21001,1.98000,0.08234,0.89690,0.02076
164.41000,1.98000,0.07178,0.89179,0.03643
164.61000,1.98000,0.06288,0.92866,0.00846
164.81000,1.98000,0.07216,0.92569,0.00215
165.00999,1.98001,0.08213,0.91312,0.00475
165.21001,1.98000,0.10631,0.88389,0.00979
165.41000,1.98000,0.09819,0.89211,0.00970
165.61000,1.98000,0.06747,0.92489,0.00765
165.81000,1.98000,0.06661,0.92742,0.00597
166.00999,1.98001,0.07883,0.91950,0.00167
166.21001,1.98000,0.08024,0.91847,0.00129
166.41000,1.98000,0.07943,0.91961,0.00096
166.61000,1.98000,0.11480,0.88279,0.00241
166.81000,1.98000,0.05612,0.93876,0.00512
167.00999,1.98001,0.05135,0.93449,0.01416
167.21001,1.98000,0.05171,0.92413,0.02416
167.41000,1.98000,0.05659,0.92549,0.01792
167.61000,1.98000,0.07360,0.91631,0.01009
167.81000,1.98000,0.07367,0.91470,0.01163
168.00999,1.98001,0.07386,0.88884,0.03730
168.21001,1.98000,0.07413,0.85413,0.07174
168.41000,1.98000,0.07001,0.85348,0.07651
168.61000,1.98000,0.07964,0.90456,0.01579
168.81000,1.98000,0.05933,0.93857,0.00210
169.00999,1.98001,0.05002,0.94948,0.00049
169.21001,1.98000,0.05160,0.94793,0.00047
169.41000,1.98000,0.04455,0.95497,0.00048
169.61000,1.98000,0.03740,0.96181,0.00079
169.81000,1.98000,0.03257,0.96603,0.00140
170.00999,1.98001,0.03245,0.96618,0.00137
170.21001,1.98000,0.03006,0.96894,0.00100
170.41000,1.98000,0.03087,0.96777,0.00136
170.61000,1.98000,0.05388,0.94301,0.00311
170.81000,1.98000,0.08192,0.91157,0.00651
171.00999,1.98001,0.07520,0.90248,0.02231
171.21001,1.98000,0.07796,0.87189,0.05015
171.41000,1.98000,0.08235,0.86768,0.04997
171.61000,1.98000,0.08587,0.88364,0.03048
171.81000,1.98000,0.06974,0.92614,0.00412
172.00999,1.98001,0.07258,0.92472,0.00270
172.21001,1.98000,0.08274,0.91424,0.00301
172.41000,1.98000,0.06810,0.92534,0.00656
172.61000,1.98000,0.04952,0.93876,0.01173
172.81000,1.98000,0.04257,0.93473,0.02271
173.00999,1.98001,0.04340,0.92640,0.03021
173.21001,1.98000,0.03478,0.94734,0.01788
173.41000,1.98000,0.03622,0.95778,0.00599
173.61000,1.98000,0.04412,0.94717,0.00872
173.81000,1.98000,0.06198,0.89373,0.04429
174.00999,1.98001,0.05227,0.85425,0.09348
174.21001,1.98000,0.05674,0.84481,0.09845
174.41000,1.98000,0.07951,0.89858,0.02191
174.61000,1.98000,0.04652,0.95029,0.00318
174.81000,1.98000,0.04880,0.95032,0.00088
175.00999,1.98001,0.05219,0.94741,0.00039
175.21001,1.98000,0.04756,0.95153,0.00091
175.41000,1.98000,0.04682,0.95008,0.00310
175.61000,1.98000,0.04244,0.95290,0.00466
175.81000,1.98000,0.04561,0.94717,0.00722
176.00999,1.98001,0.04390,0.95211,0.00399
176.21001,1.98000,0.04773,0.94881,0.00346
176.41000,1.98000,0.06865,0.92356,0.00779
176.61000,1.98000,0.10599,0.88164,0.01237
176.81000,1.98000,0.10984,0.83861,0.05155
177.00999,1.98001,0.16246,0.81696,0.02057
177.21001,1.98000,0.18587,0.80783,0.00630
177.41000,1.98000,0.18776,0.81017,0.00207
